
Up_ratio: 1.6

Os_mode: kmeans, train_mode: 

Test_acc:
0.3322222222222222 0.3333333333333333 0.3333333333333333 0.3333333333333333 0.3333333333333333 0.3333333333333333 0.3333333333333333 0.3333333333333333 0.3333333333333333 0.3333333333333333 0.3333333333333333 0.3333333333333333 0.3333333333333333 0.3333333333333333 0.3333333333333333 0.3333333333333333 0.33444444444444443 0.3333333333333333 0.3466666666666667 0.36333333333333334 0.38222222222222224
0.3333333333333333 0.3333333333333333 0.3333333333333333 0.3333333333333333 0.3333333333333333 0.3333333333333333 0.3333333333333333 0.3333333333333333 0.3333333333333333 0.3333333333333333 0.3333333333333333 0.3333333333333333 0.3333333333333333 0.3333333333333333 0.3333333333333333 0.3333333333333333 0.3388888888888889 0.34444444444444444 0.3622222222222222 0.3711111111111111 0.37444444444444447
0.3333333333333333 0.36666666666666664 0.3333333333333333 0.3333333333333333 0.3333333333333333 0.3333333333333333 0.3333333333333333 0.3333333333333333 0.3333333333333333 0.3333333333333333 0.3333333333333333 0.3333333333333333 0.3333333333333333 0.3333333333333333 0.3333333333333333 0.3333333333333333 0.33555555555555555 0.34555555555555556 0.35 0.36 0.37
0.33555555555555555 0.3333333333333333 0.3333333333333333 0.3333333333333333 0.3333333333333333 0.3333333333333333 0.3333333333333333 0.3333333333333333 0.3333333333333333 0.3333333333333333 0.3333333333333333 0.3333333333333333 0.3333333333333333 0.3388888888888889 0.3522222222222222 0.3655555555555556 0.37777777777777777 0.38 0.3811111111111111 0.38555555555555554 0.39
0.3322222222222222 0.3333333333333333 0.3333333333333333 0.3333333333333333 0.3333333333333333 0.3333333333333333 0.3333333333333333 0.3333333333333333 0.3333333333333333 0.3333333333333333 0.3333333333333333 0.3333333333333333 0.3333333333333333 0.3333333333333333 0.3333333333333333 0.3611111111111111 0.37777777777777777 0.37777777777777777 0.3888888888888889 0.39111111111111113 0.39111111111111113
0.3333333333333333 0.3333333333333333 0.3333333333333333 0.3333333333333333 0.3333333333333333 0.3333333333333333 0.3333333333333333 0.3333333333333333 0.3333333333333333 0.3333333333333333 0.3333333333333333 0.3333333333333333 0.3333333333333333 0.3333333333333333 0.3333333333333333 0.3477777777777778 0.3655555555555556 0.38666666666666666 0.3933333333333333 0.40555555555555556 0.4111111111111111
0.3333333333333333 0.3333333333333333 0.3333333333333333 0.3333333333333333 0.3333333333333333 0.3333333333333333 0.3333333333333333 0.3333333333333333 0.3333333333333333 0.3333333333333333 0.3333333333333333 0.3333333333333333 0.3333333333333333 0.3333333333333333 0.3333333333333333 0.3333333333333333 0.3388888888888889 0.3511111111111111 0.3611111111111111 0.37333333333333335 0.38
0.3333333333333333 0.3333333333333333 0.3333333333333333 0.3333333333333333 0.3333333333333333 0.3333333333333333 0.3333333333333333 0.3333333333333333 0.3333333333333333 0.3333333333333333 0.3333333333333333 0.3333333333333333 0.3333333333333333 0.3333333333333333 0.3333333333333333 0.3333333333333333 0.3333333333333333 0.3333333333333333 0.3333333333333333 0.3422222222222222 0.3522222222222222
0.3388888888888889 0.3333333333333333 0.3333333333333333 0.3333333333333333 0.3333333333333333 0.3333333333333333 0.3333333333333333 0.3333333333333333 0.3333333333333333 0.3333333333333333 0.3333333333333333 0.3333333333333333 0.3333333333333333 0.3333333333333333 0.3333333333333333 0.3377777777777778 0.3511111111111111 0.37333333333333335 0.39666666666666667 0.3988888888888889 0.4022222222222222
0.3333333333333333 0.3333333333333333 0.3333333333333333 0.3333333333333333 0.3333333333333333 0.3333333333333333 0.3333333333333333 0.3333333333333333 0.3333333333333333 0.3333333333333333 0.3333333333333333 0.3333333333333333 0.3333333333333333 0.3333333333333333 0.3333333333333333 0.3333333333333333 0.34444444444444444 0.35444444444444445 0.3711111111111111 0.3788888888888889 0.3811111111111111

Test_auc:
0.6004157407407408 0.5977462962962964 0.5805250000000001 0.5622435185185185 0.5910824074074075 0.6152009259259259 0.6248898148148148 0.6494898148148148 0.6606046296296296 0.6653777777777777 0.66945 0.6709138888888888 0.6686444444444444 0.6626796296296296 0.6559583333333334 0.655687037037037 0.6609055555555555 0.6565481481481482 0.654637962962963 0.6522648148148148 0.6709138888888888
0.4598277777777778 0.5242009259259259 0.5560425925925926 0.5856740740740741 0.5991712962962962 0.6178962962962963 0.648575925925926 0.6644027777777778 0.6753324074074074 0.6856212962962963 0.6913694444444444 0.6939342592592593 0.6929629629629629 0.6880175925925927 0.6817944444444445 0.6776648148148148 0.6716629629629631 0.6649157407407408 0.6613055555555555 0.655425925925926 0.6940083333333332
0.5269833333333332 0.5556148148148148 0.5649833333333333 0.5584685185185184 0.5718305555555556 0.5890129629629629 0.6070555555555556 0.6181583333333333 0.6249842592592593 0.6296287037037037 0.6383111111111112 0.6468842592592593 0.6544527777777778 0.6593342592592593 0.6624046296296296 0.6622611111111111 0.659212962962963 0.6494305555555555 0.6413231481481482 0.6424888888888889 0.6625935185185186
0.5373657407407407 0.5538148148148149 0.5857703703703704 0.5929712962962963 0.612262962962963 0.6264092592592593 0.636487037037037 0.6461962962962963 0.6538314814814815 0.6603194444444445 0.6657574074074074 0.6704851851851852 0.6738944444444445 0.6743777777777779 0.6705722222222222 0.6659740740740742 0.6587277777777777 0.6502111111111111 0.6441407407407408 0.6423481481481482 0.6747592592592593
0.4765 0.516136111111111 0.5383574074074075 0.5541990740740741 0.5606 0.5777749999999999 0.6080777777777778 0.6327638888888889 0.6534111111111112 0.6676027777777778 0.6799240740740741 0.6899222222222222 0.6964824074074074 0.6984416666666666 0.6983388888888888 0.6981611111111112 0.6935435185185185 0.6840944444444444 0.6773148148148147 0.6700333333333334 0.698612962962963
0.4650240740740741 0.5213962962962962 0.5861064814814815 0.6011472222222222 0.6160768518518518 0.6217888888888888 0.624225 0.6380370370370371 0.6477268518518519 0.6544898148148148 0.6610342592592593 0.6691314814814815 0.674024074074074 0.6755194444444443 0.6735527777777778 0.6683796296296296 0.6632018518518518 0.6565944444444445 0.6520481481481482 0.6485722222222222 0.6756583333333332
0.5146092592592593 0.557575925925926 0.5670824074074075 0.587899074074074 0.5785055555555556 0.5827425925925926 0.5890574074074074 0.6088592592592592 0.6246657407407407 0.6311675925925925 0.6379074074074074 0.6424407407407408 0.6445962962962963 0.64305 0.6378305555555556 0.6333546296296296 0.6291648148148149 0.6251592592592593 0.6184722222222222 0.6148731481481482 0.6450824074074074
0.48183425925925927 0.5085611111111111 0.5077555555555556 0.5339351851851851 0.5434324074074075 0.5592324074074074 0.5766222222222223 0.5910379629629628 0.6067305555555556 0.6177925925925926 0.6244027777777778 0.6360675925925926 0.6411990740740741 0.6463685185185185 0.6495703703703705 0.6486712962962963 0.6452731481481481 0.6445796296296297 0.6429833333333334 0.6409907407407407 0.6499185185185186
0.5232657407407407 0.5555583333333334 0.5795120370370371 0.5956425925925927 0.6093777777777779 0.6233768518518518 0.6404611111111111 0.6502277777777777 0.6582342592592593 0.66715 0.673112037037037 0.6747712962962963 0.6735111111111113 0.6711277777777779 0.6677953703703704 0.6655703703703704 0.6640509259259259 0.6606666666666667 0.6582990740740741 0.6567249999999999 0.6748833333333334
0.49949814814814814 0.5629953703703704 0.6002064814814815 0.6295129629629629 0.6583296296296296 0.6781935185185185 0.691601851851852 0.7019722222222223 0.7043064814814816 0.706575 0.7080824074074075 0.707064814814815 0.7053222222222222 0.7014490740740741 0.6947203703703705 0.6846314814814815 0.6781351851851852 0.6712055555555555 0.6657000000000001 0.6591444444444444 0.7081416666666667

Test_f1:
0.5010224948875256 0.5 0.5 0.4971537001897533 0.5 0.5 0.5 0.507177970435822 0.529556914494153 0.5382869709541892 0.5389975166960003 0.5365779273107173 0.5316341746692754 0.5331396340538194 0.5261631611694201 0.5270268320939467 0.5357044733307447 0.5194932589859707 0.5228531275018998 0.5206931986550046 0.5414913510986442
0.5 0.5 0.5 0.5 0.5 0.5006996921354604 0.525872203697583 0.5124 0.5117935628958511 0.5138205967659616 0.527958980468612 0.5530655794033449 0.5650031722748067 0.5605440802029497 0.550686751900804 0.5461427217207441 0.5492106262649042 0.5440309113601495 0.538483739405055 0.5277081848915192 0.5650031722748067
0.4946772607129128 0.5 0.5 0.5 0.5 0.5 0.5 0.5017241379310344 0.5093214019388516 0.4980905619203491 0.5059311981020166 0.5048611111111111 0.5071935502185886 0.5056356515880848 0.5106273462284946 0.49340265062568944 0.5089882586570609 0.5019948797257213 0.5146715396334879 0.5216227814281384 0.5240610006820636
0.5 0.5006973520279839 0.4995383194829179 0.5011376564277589 0.5 0.5 0.5110628805691203 0.5009779267951942 0.5028218984263999 0.5125804374687369 0.524276890640977 0.5452101041853933 0.5493227026722414 0.5459802903304182 0.5368988244688362 0.5265634095105401 0.5188820917029965 0.5192726487863063 0.5200957271536392 0.5138209036348543 0.5538500142439501
0.5 0.5 0.5 0.5 0.5007839448102853 0.5 0.5053369929856664 0.4960702727693019 0.5 0.5 0.5009793312513199 0.5175565882960436 0.5410755759563636 0.5627369349468173 0.565924392360047 0.5618390486930563 0.5510445726009232 0.5352276794144412 0.5375089274451393 0.517733859037648 0.567863876678626
0.5 0.5 0.5 0.5002801120448179 0.5 0.5015471167369902 0.5169082125603864 0.5226454213174381 0.5356846013710922 0.5341718340260172 0.537537814354967 0.5444666615846754 0.550290389145279 0.5402318292423928 0.5408250410662635 0.5276591744248981 0.5308894617215859 0.5156587392356311 0.52348949390892 0.5199526830391726 0.550290389145279
0.5 0.5 0.4997208263539921 0.5 0.5005592841163311 0.5008460236886633 0.5 0.5024031665253039 0.512067840834964 0.5037593984962406 0.5085430257844051 0.5155692260955419 0.5242884947526297 0.5320796775651692 0.5326534458493167 0.5103366556420063 0.5233408318916454 0.5116542617197374 0.518476914145754 0.512258606932365 0.5364496221709784
0.49840718216044017 0.5 0.5 0.5 0.5 0.5002782415136339 0.5 0.5 0.5 0.5024702121476315 0.5082742316784871 0.5203261421276567 0.5278307298274377 0.5252263180358065 0.52 0.5250112496314775 0.5219294481160416 0.497064709363012 0.5167014150723014 0.5181965286857172 0.5290797421450688
0.4984524196211882 0.5 0.5001390047261607 0.5005574136008919 0.5 0.5 0.5064429046636691 0.5126515601058579 0.5192548651961398 0.5208787502860516 0.5172111674114345 0.5338729903864129 0.5276846811147282 0.5318551411624242 0.5278820894026274 0.5191580834455433 0.5261134069566348 0.5279467945539594 0.5167496729915618 0.522382307102869 0.5351968304520037
0.5004191114836547 0.5 0.5 0.5 0.5 0.5008403361344538 0.5102751571072054 0.5325716784879228 0.55498629023101 0.5687503123290738 0.5516114527820899 0.5586139561741584 0.5603050367446182 0.5587710576961702 0.5542488814287788 0.545076882367404 0.538673203793702 0.5387230545382916 0.5353855474762276 0.5264359564998011 0.5726497079596704

Class AUC Score:
0.6865333333333333 0.6952833333333334 0.58385
0.6762055555555556 0.7359499999999999 0.6219444444444445
0.6524555555555556 0.7044722222222222 0.6298138888888889
0.6501944444444444 0.7047333333333333 0.6447527777777777
0.692247222222222 0.7631055555555555 0.6395555555555555
0.6532111111111112 0.7058166666666668 0.6480055555555556
0.6221666666666666 0.6743111111111111 0.6052777777777777
0.6403777777777777 0.6890611111111111 0.6169166666666667
0.6575055555555556 0.6964722222222223 0.6432666666666667
0.6726777777777777 0.7282500000000001 0.6561666666666668

Class F1 Score:
0.5467800729040098 0.5339105339105339 0.5073260073260073
0.5456885456885456 0.5691788526434196 0.5168539325842697
0.4654895666131621 0.5009345794392523 0.5209302325581395
0.5117845117845118 0.5560407569141194 0.5259042033235581
0.5574136008918618 0.6078147612156295 0.5208791208791209
0.5234899328859061 0.5147347740667977 0.5442477876106194
0.5263157894736842 0.5494791666666666 0.5198067632850242
0.522911051212938 0.5565438373570522 0.5
0.5099882491186839 0.5422535211267606 0.5067567567567568
0.5439814814814815 0.5671641791044776 0.523719165085389

Os_mode: bsm, train_mode: 

Test_acc:
0.3333333333333333 0.3333333333333333 0.3333333333333333 0.3333333333333333 0.3333333333333333 0.3333333333333333 0.3333333333333333 0.3333333333333333 0.3333333333333333 0.3333333333333333 0.3333333333333333 0.3333333333333333 0.3333333333333333 0.3333333333333333 0.3333333333333333 0.3333333333333333 0.3333333333333333 0.33666666666666667 0.3488888888888889 0.36444444444444446 0.37777777777777777
0.3333333333333333 0.3333333333333333 0.3333333333333333 0.3333333333333333 0.3333333333333333 0.3333333333333333 0.3333333333333333 0.3333333333333333 0.3333333333333333 0.3333333333333333 0.3333333333333333 0.3333333333333333 0.3333333333333333 0.3333333333333333 0.3333333333333333 0.33555555555555555 0.3377777777777778 0.3433333333333333 0.3466666666666667 0.3522222222222222 0.35777777777777775
0.3333333333333333 0.3333333333333333 0.3333333333333333 0.3333333333333333 0.3333333333333333 0.3333333333333333 0.3333333333333333 0.3333333333333333 0.3333333333333333 0.3333333333333333 0.3333333333333333 0.3333333333333333 0.3333333333333333 0.3333333333333333 0.3333333333333333 0.3333333333333333 0.3333333333333333 0.33555555555555555 0.3388888888888889 0.3466666666666667 0.3511111111111111
0.33555555555555555 0.3333333333333333 0.3333333333333333 0.3333333333333333 0.3333333333333333 0.3333333333333333 0.3333333333333333 0.3333333333333333 0.3333333333333333 0.3333333333333333 0.3333333333333333 0.3333333333333333 0.33555555555555555 0.34444444444444444 0.36 0.37222222222222223 0.38555555555555554 0.39 0.39555555555555555 0.4022222222222222 0.4022222222222222
0.32666666666666666 0.3333333333333333 0.3333333333333333 0.3333333333333333 0.3333333333333333 0.3333333333333333 0.3333333333333333 0.3333333333333333 0.3333333333333333 0.3333333333333333 0.3333333333333333 0.3333333333333333 0.3333333333333333 0.3333333333333333 0.3333333333333333 0.3333333333333333 0.3422222222222222 0.36 0.37333333333333335 0.38333333333333336 0.39444444444444443
0.33 0.3333333333333333 0.3333333333333333 0.3333333333333333 0.3333333333333333 0.3333333333333333 0.3333333333333333 0.3333333333333333 0.3333333333333333 0.3333333333333333 0.3333333333333333 0.3333333333333333 0.3333333333333333 0.3333333333333333 0.3333333333333333 0.3333333333333333 0.3377777777777778 0.35444444444444445 0.38666666666666666 0.42444444444444446 0.43222222222222223
0.33666666666666667 0.3333333333333333 0.3333333333333333 0.3333333333333333 0.3333333333333333 0.3333333333333333 0.3333333333333333 0.3333333333333333 0.3333333333333333 0.3333333333333333 0.3333333333333333 0.3333333333333333 0.3333333333333333 0.3333333333333333 0.3333333333333333 0.3333333333333333 0.3433333333333333 0.35555555555555557 0.36444444444444446 0.37777777777777777 0.38666666666666666
0.3477777777777778 0.3333333333333333 0.3333333333333333 0.3333333333333333 0.3333333333333333 0.3333333333333333 0.3333333333333333 0.3333333333333333 0.3333333333333333 0.3333333333333333 0.3333333333333333 0.3333333333333333 0.3333333333333333 0.3333333333333333 0.3333333333333333 0.3322222222222222 0.33 0.3522222222222222 0.35444444444444445 0.36777777777777776 0.37444444444444447
0.3411111111111111 0.3333333333333333 0.3333333333333333 0.3333333333333333 0.3333333333333333 0.3333333333333333 0.3333333333333333 0.3333333333333333 0.3333333333333333 0.3333333333333333 0.3333333333333333 0.3333333333333333 0.3333333333333333 0.3333333333333333 0.33444444444444443 0.34 0.35 0.36666666666666664 0.3877777777777778 0.4077777777777778 0.41444444444444445
0.3244444444444444 0.3333333333333333 0.3333333333333333 0.3333333333333333 0.3333333333333333 0.3333333333333333 0.3333333333333333 0.3333333333333333 0.3333333333333333 0.3333333333333333 0.3333333333333333 0.3333333333333333 0.3333333333333333 0.3333333333333333 0.33444444444444443 0.36 0.3977777777777778 0.4255555555555556 0.43555555555555553 0.44 0.44555555555555554

Test_auc:
0.47585555555555564 0.5344175925925926 0.5588314814814814 0.5414685185185185 0.5444583333333334 0.5686351851851853 0.5921842592592593 0.6159120370370369 0.6274703703703703 0.6390972222222221 0.6445861111111112 0.652538888888889 0.6586574074074074 0.6654944444444444 0.6699018518518519 0.6659546296296296 0.6606518518518518 0.6527611111111111 0.6461 0.6401925925925925 0.6699611111111112
0.5257324074074073 0.5736111111111111 0.6123296296296297 0.6417296296296296 0.649262962962963 0.6678000000000001 0.6905601851851854 0.7031166666666667 0.707249074074074 0.7065611111111112 0.7025907407407407 0.6961342592592593 0.6877018518518518 0.6814592592592593 0.6759092592592593 0.670861111111111 0.6672814814814815 0.6638185185185186 0.6596055555555556 0.6548009259259259 0.7073962962962962
0.502412962962963 0.5446962962962963 0.5767694444444446 0.5910953703703704 0.598975 0.60715 0.6121935185185186 0.6295518518518518 0.6414175925925926 0.647087962962963 0.6506712962962963 0.6551462962962963 0.656875 0.6558324074074074 0.6544814814814816 0.6485277777777778 0.6435398148148147 0.6430259259259259 0.6390935185185186 0.6357685185185185 0.6569712962962962
0.5058537037037037 0.5663018518518519 0.5717407407407408 0.5912592592592593 0.6252861111111111 0.650850925925926 0.6646555555555556 0.6743740740740741 0.6819722222222223 0.6842814814814814 0.6836333333333334 0.6786055555555556 0.672748148148148 0.6641592592592592 0.6548407407407407 0.6472000000000001 0.6420425925925926 0.6388055555555556 0.6359333333333334 0.6338796296296295 0.684637962962963
0.5214203703703704 0.5319055555555555 0.543087037037037 0.5472416666666666 0.5590796296296296 0.6053564814814815 0.6303166666666667 0.6369092592592592 0.6470138888888889 0.6560231481481481 0.6653675925925926 0.6738805555555557 0.6787407407407408 0.6776555555555556 0.6755074074074074 0.6712259259259259 0.6687777777777778 0.6669092592592593 0.665612962962963 0.6651796296296296 0.6788592592592592
0.5021027777777777 0.5189814814814815 0.5399462962962963 0.5611064814814816 0.5821805555555556 0.6114342592592593 0.6284703703703703 0.6508361111111111 0.6682333333333333 0.6778611111111111 0.681625925925926 0.684923148148148 0.6889138888888889 0.6902499999999999 0.6917083333333333 0.6919111111111111 0.6889296296296297 0.6796675925925926 0.669325925925926 0.6592000000000001 0.6919268518518519
0.5015194444444445 0.5161305555555556 0.5492046296296297 0.5508935185185184 0.5661314814814814 0.5797148148148149 0.5887194444444445 0.6038064814814815 0.6208324074074074 0.6374787037037037 0.6483666666666666 0.6552749999999999 0.6581657407407407 0.6592324074074075 0.6564148148148149 0.6443194444444446 0.6292037037037037 0.6177018518518519 0.6134592592592593 0.6100777777777777 0.6592833333333333
0.503237037037037 0.5269203703703704 0.5343972222222223 0.5541277777777778 0.5548824074074074 0.5711148148148149 0.5876222222222223 0.5988601851851852 0.6078277777777777 0.6197796296296295 0.6283629629629629 0.6342287037037037 0.6370074074074074 0.6388333333333334 0.6401907407407408 0.6342481481481481 0.6311925925925925 0.6303185185185185 0.6296462962962962 0.6292407407407409 0.6408537037037036
0.4954685185185186 0.4979166666666666 0.5143268518518519 0.5386675925925926 0.6021537037037037 0.626587037037037 0.6424648148148148 0.6507490740740741 0.6682722222222223 0.6752518518518519 0.6780342592592593 0.6835351851851851 0.6861537037037038 0.683474074074074 0.677675925925926 0.6729148148148147 0.6678129629629629 0.6621194444444445 0.6559212962962963 0.6506740740740741 0.6864425925925927
0.4789018518518519 0.5039731481481482 0.5538601851851852 0.5783407407407407 0.5938907407407408 0.6207148148148148 0.6485027777777778 0.6665712962962963 0.6815685185185186 0.6941138888888889 0.7066490740740741 0.7118185185185185 0.7112111111111111 0.7051379629629629 0.6948037037037037 0.6859833333333333 0.683274074074074 0.6779000000000001 0.672561111111111 0.6676796296296296 0.7121953703703704

Test_f1:
0.5 0.5 0.5002782415136339 0.5 0.5007154853034602 0.5 0.5 0.5020080321285141 0.49938042131350685 0.503957783641161 0.5167022032693674 0.516905393388507 0.5220295032952404 0.5193071431730549 0.5307930964031827 0.5369412099846883 0.5215133618696522 0.5152448942420366 0.5081741450293663 0.5004549842956217 0.5369412099846883
0.5006996921354604 0.5005688282138795 0.5 0.5057960978506167 0.5190686573227706 0.5231083844580777 0.5387079783521852 0.5478641907213335 0.5522638853096797 0.5605723377189763 0.5395858973282333 0.5361190713953659 0.5416694962127453 0.5410601735959636 0.538607385877349 0.5398495314177163 0.5377598272214063 0.5235710897112922 0.534355002709433 0.5224162556814385 0.5637073094256565
0.5 0.5 0.5 0.49969916215588545 0.5 0.5005574136008919 0.5021824539242209 0.5035456680615663 0.5055446836268754 0.509859384331397 0.4986893179412209 0.4914657877127097 0.49285894538625374 0.5005301244866405 0.5331530382687402 0.5300792162031611 0.5162637136722293 0.5090766533396477 0.506878231767438 0.505641611411378 0.5336877458216344
0.5002791736460078 0.5 0.5021561771561772 0.5 0.514546965918537 0.500345065562457 0.5024031665253039 0.5189599458231057 0.5339483799231258 0.542468604305787 0.5413052586265991 0.5471337148079257 0.541734467321621 0.5211186245011925 0.527414618526668 0.5201611569571339 0.5183071400224009 0.5192104702735678 0.5127500205747914 0.5224143121627249 0.5487774459995207
0.5002970885323826 0.49094375595805523 0.5 0.49542405160382685 0.5 0.4998607630186577 0.5036200405444541 0.5266968905281492 0.5438563683982934 0.5296966374269007 0.5317635319042778 0.5449443345385683 0.5455063326143467 0.552076778265034 0.5450578640918695 0.5222373771816827 0.5300376266153939 0.5223557773799267 0.5266492098925907 0.5321760289133862 0.552076778265034
0.5 0.5 0.5004177109440268 0.5 0.5 0.5 0.5 0.5055072463768115 0.5136979234274265 0.5143143667376219 0.5279401353086784 0.5351439681714104 0.533237616654702 0.5404495967523094 0.5441355501784816 0.5532190038994315 0.5524595282122701 0.5458619545621474 0.5322471203074186 0.523354233714744 0.559554176007815
0.5 0.5 0.4994193624837066 0.5 0.5014005602240896 0.5 0.5021682567215958 0.5 0.5 0.5 0.5 0.5102738976129626 0.5264614686286445 0.5414481108881176 0.5484056385008312 0.5305250270268415 0.5179677628320184 0.515412175771734 0.5156996527219261 0.5170891659612696 0.5484056385008312
0.5 0.5 0.5 0.5 0.5005727376861397 0.5 0.5 0.5 0.5016067776803973 0.5015459126977632 0.5054524020041261 0.5084915084915085 0.5098027013501565 0.516628592636537 0.518993831707443 0.5127277431346089 0.5039406222645159 0.5051450465243569 0.5031811929061539 0.5022293019950084 0.5218744616983365
0.5011299435028248 0.5019089574155653 0.5 0.4956293761437689 0.5008880994671403 0.5 0.5 0.5012765957446809 0.5102040816326531 0.5215331610680448 0.5299759108608716 0.5425150170447925 0.5434414193805582 0.5331859001514547 0.5309468263947174 0.5322617321864559 0.5269797924000862 0.5265752318055908 0.5223286193874723 0.5164972557882402 0.5437698468359642
0.499151103565365 0.49913043478260866 0.5 0.5 0.5 0.5 0.5152755823896764 0.5258019525801952 0.5201652567381467 0.5348807031775706 0.5580704185782576 0.5656054206403386 0.5666148914484624 0.5579060936644046 0.5553781558182721 0.5546077808694467 0.5522587892416941 0.5442435829072844 0.5364877239743647 0.5374134510447408 0.5666148914484624

Class AUC Score:
0.6753027777777778 0.6974111111111111 0.6271138888888889
0.6708999999999999 0.7188888888888889 0.623925
0.6416944444444445 0.6815111111111111 0.6239888888888889
0.6053833333333334 0.6960555555555556 0.6415277777777777
0.6783611111111111 0.7187333333333333 0.6197777777777778
0.6894944444444444 0.7472888888888889 0.6389777777777779
0.6135888888888889 0.7075888888888888 0.6155111111111111
0.628886111111111 0.6646333333333334 0.6103222222222222
0.6493944444444444 0.7005777777777777 0.669875
0.6707111111111111 0.7569888888888888 0.6316388888888887

Class F1 Score:
0.5398773006134969 0.543026706231454 0.5268199233716475
0.5405405405405406 0.5513126491646778 0.5140350877192983
0.5277161862527716 0.543646408839779 0.5177372962607862
0.49272349272349275 0.5499231950844854 0.5159642401021711
0.5143353605560382 0.5559006211180124 0.5078597339782346
0.5508196721311476 0.5957446808510638 0.5197889182058048
0.5093896713615024 0.5671232876712329 0.524975514201763
0.5202769535113749 0.5161290322580645 0.4987489574645538
0.5052356020942408 0.5443786982248521 0.5467059980334317
0.5355191256830601 0.5885797950219619 0.5377258235919234

Os_mode: gsm-b, train_mode: preT

Test_acc:
0.3333333333333333 0.3333333333333333 0.3333333333333333 0.3333333333333333 0.3333333333333333 0.3333333333333333 0.3333333333333333 0.3333333333333333 0.3333333333333333 0.3333333333333333 0.3333333333333333 0.3333333333333333 0.3333333333333333 0.3333333333333333 0.3333333333333333 0.3333333333333333 0.3333333333333333 0.3333333333333333 0.33444444444444443 0.3411111111111111 0.35777777777777775
0.34444444444444444 0.3333333333333333 0.3333333333333333 0.3333333333333333 0.3333333333333333 0.3333333333333333 0.3333333333333333 0.3333333333333333 0.3333333333333333 0.3333333333333333 0.3333333333333333 0.3333333333333333 0.3333333333333333 0.3333333333333333 0.3333333333333333 0.33555555555555555 0.3377777777777778 0.3488888888888889 0.3711111111111111 0.38333333333333336 0.3888888888888889
0.3288888888888889 0.3333333333333333 0.3333333333333333 0.3333333333333333 0.3333333333333333 0.3333333333333333 0.3333333333333333 0.3333333333333333 0.3333333333333333 0.3333333333333333 0.3333333333333333 0.3333333333333333 0.3333333333333333 0.3333333333333333 0.3333333333333333 0.3333333333333333 0.3333333333333333 0.3388888888888889 0.35777777777777775 0.38222222222222224 0.39444444444444443
0.33 0.3333333333333333 0.3333333333333333 0.3333333333333333 0.3333333333333333 0.3333333333333333 0.3333333333333333 0.3333333333333333 0.3333333333333333 0.3333333333333333 0.3333333333333333 0.3333333333333333 0.3333333333333333 0.3333333333333333 0.3333333333333333 0.3333333333333333 0.33666666666666667 0.3433333333333333 0.36666666666666664 0.39 0.4011111111111111
0.36777777777777776 0.3333333333333333 0.3333333333333333 0.3333333333333333 0.3333333333333333 0.3333333333333333 0.3333333333333333 0.3333333333333333 0.3333333333333333 0.3333333333333333 0.3333333333333333 0.3333333333333333 0.3333333333333333 0.3333333333333333 0.3333333333333333 0.3333333333333333 0.33666666666666667 0.35777777777777775 0.39444444444444443 0.4222222222222222 0.4388888888888889
0.33444444444444443 0.3333333333333333 0.3333333333333333 0.3333333333333333 0.3333333333333333 0.3333333333333333 0.3333333333333333 0.3333333333333333 0.3333333333333333 0.3333333333333333 0.3333333333333333 0.3333333333333333 0.3333333333333333 0.36333333333333334 0.38222222222222224 0.39666666666666667 0.4122222222222222 0.42333333333333334 0.43333333333333335 0.42777777777777776 0.43444444444444447
0.3333333333333333 0.3333333333333333 0.3333333333333333 0.3333333333333333 0.3333333333333333 0.3333333333333333 0.3333333333333333 0.3333333333333333 0.3333333333333333 0.3333333333333333 0.3333333333333333 0.3333333333333333 0.3333333333333333 0.3333333333333333 0.3333333333333333 0.3333333333333333 0.3333333333333333 0.33666666666666667 0.34444444444444444 0.35777777777777775 0.36
0.3333333333333333 0.3333333333333333 0.3333333333333333 0.3333333333333333 0.3333333333333333 0.3333333333333333 0.3333333333333333 0.3333333333333333 0.3333333333333333 0.3333333333333333 0.3333333333333333 0.3333333333333333 0.3333333333333333 0.3333333333333333 0.3333333333333333 0.3333333333333333 0.3333333333333333 0.3333333333333333 0.33666666666666667 0.3466666666666667 0.36
0.34444444444444444 0.3333333333333333 0.3333333333333333 0.3333333333333333 0.3333333333333333 0.3333333333333333 0.3333333333333333 0.3333333333333333 0.3333333333333333 0.3333333333333333 0.3333333333333333 0.3333333333333333 0.3333333333333333 0.3333333333333333 0.3333333333333333 0.34555555555555556 0.3711111111111111 0.39 0.4066666666666667 0.4166666666666667 0.42333333333333334
0.3433333333333333 0.3333333333333333 0.3333333333333333 0.3333333333333333 0.3333333333333333 0.3333333333333333 0.3333333333333333 0.3333333333333333 0.3333333333333333 0.3333333333333333 0.3333333333333333 0.3333333333333333 0.3333333333333333 0.3333333333333333 0.3333333333333333 0.3333333333333333 0.3333333333333333 0.3333333333333333 0.3377777777777778 0.35555555555555557 0.38222222222222224

Test_auc:
0.5204657407407407 0.538198148148148 0.539437962962963 0.5487537037037037 0.56825 0.5741259259259259 0.5856629629629629 0.6000777777777778 0.6118416666666667 0.6226833333333333 0.6378638888888889 0.650537962962963 0.6570592592592591 0.6606314814814814 0.6567916666666666 0.6482638888888889 0.645825 0.6458074074074074 0.6373574074074074 0.6317361111111112 0.6606314814814814
0.4986564814814815 0.4904361111111111 0.5171333333333333 0.5615361111111111 0.5900583333333332 0.6157138888888889 0.6390212962962963 0.6522583333333333 0.6636148148148148 0.6729972222222221 0.6842018518518519 0.686175925925926 0.6836472222222222 0.6735611111111112 0.6670731481481482 0.6649842592592593 0.6630537037037035 0.6581138888888889 0.6529953703703704 0.6477925925925926 0.686175925925926
0.5180324074074074 0.5075685185185185 0.5242231481481482 0.5548462962962963 0.5780694444444444 0.5896962962962963 0.5957472222222222 0.6071175925925926 0.6237481481481482 0.6341435185185186 0.6344555555555557 0.6288333333333332 0.6257648148148148 0.6169407407407407 0.6131759259259258 0.6064518518518519 0.6033962962962963 0.6039722222222222 0.6048685185185186 0.6050425925925926 0.6378777777777778
0.5168481481481481 0.508287037037037 0.49553981481481485 0.5128250000000001 0.5576675925925926 0.5863388888888889 0.6004240740740742 0.6137064814814815 0.6241324074074074 0.6384805555555556 0.6550444444444444 0.6710203703703703 0.6799185185185186 0.6802425925925926 0.6730046296296296 0.666537037037037 0.6597740740740741 0.6525462962962963 0.651225925925926 0.6484722222222222 0.6812351851851853
0.5326185185185185 0.5540499999999999 0.5477240740740741 0.5477981481481482 0.5695675925925926 0.5998129629629629 0.6183305555555555 0.6378046296296297 0.6502212962962962 0.6613944444444444 0.6721777777777778 0.6837601851851852 0.6952555555555556 0.7027574074074074 0.7049185185185185 0.7047629629629629 0.7016953703703703 0.696188888888889 0.6895546296296295 0.6865425925925926 0.7054592592592593
0.496837037037037 0.5219092592592592 0.5568425925925927 0.5910685185185186 0.6107231481481481 0.6174037037037038 0.6287027777777778 0.6441722222222223 0.6603046296296297 0.6756842592592592 0.689937037037037 0.697075 0.6961851851851851 0.688787037037037 0.67765 0.6675231481481481 0.6608787037037037 0.6563268518518518 0.6516833333333333 0.6476722222222223 0.6979666666666665
0.5723916666666666 0.5680962962962962 0.5816092592592592 0.6048796296296296 0.6139675925925926 0.6096166666666667 0.6088305555555555 0.6249490740740741 0.6494555555555556 0.6694740740740741 0.6812972222222222 0.6777000000000001 0.669749074074074 0.6687935185185186 0.6623814814814815 0.6529333333333333 0.6443185185185186 0.6372944444444445 0.6332555555555556 0.6283953703703704 0.6817953703703704
0.4327916666666667 0.45136481481481483 0.4662972222222222 0.4792240740740741 0.49832499999999996 0.5126240740740741 0.5295037037037037 0.5461009259259259 0.5584175925925926 0.5765250000000001 0.5959916666666667 0.6166564814814816 0.6321185185185185 0.6393824074074074 0.6411194444444445 0.6456990740740741 0.6488796296296296 0.6482907407407407 0.6477111111111111 0.6490574074074074 0.6490990740740741
0.501137037037037 0.5030592592592593 0.5147703703703704 0.5442962962962964 0.571162037037037 0.6062907407407409 0.6352712962962962 0.6501333333333333 0.6527694444444444 0.6597277777777778 0.6606657407407407 0.6557074074074075 0.6516777777777779 0.6520527777777778 0.650649074074074 0.6475981481481482 0.6453814814814814 0.6450722222222222 0.6435166666666666 0.6426722222222222 0.6608953703703703
0.4719166666666667 0.5234203703703705 0.566562037037037 0.5889194444444444 0.5975361111111112 0.599887962962963 0.6080796296296297 0.6349416666666666 0.6538564814814816 0.6677157407407407 0.6792240740740741 0.6857666666666667 0.6863898148148149 0.6835953703703703 0.6759703703703703 0.6646833333333333 0.6558268518518519 0.6535898148148149 0.6493407407407407 0.6455796296296296 0.6868703703703704

Test_f1:
0.4951590594744122 0.5 0.5 0.5 0.5020576131687243 0.49947201689545934 0.5 0.5 0.5 0.5 0.500697350069735 0.5062836624775583 0.5187946529920008 0.5337133006615583 0.5279401685220783 0.5029435307548106 0.518546071788321 0.5140134657350565 0.5224133771742373 0.513272324868321 0.538949012556909
0.5001695489996609 0.4998607630186577 0.5 0.5 0.5 0.5 0.5001390047261607 0.5130380144517751 0.5175375080994473 0.534901526137574 0.5449508921397376 0.5548351040190275 0.5523176920160727 0.5488873448304935 0.5361710331230107 0.5273161380405135 0.5412752934572858 0.5353463420946104 0.5285611999908036 0.5307121882162824 0.5558776189667958
0.49775138595014373 0.5 0.5 0.4937611408199643 0.5004177109440268 0.5002584406007632 0.5 0.4997616649882511 0.4980690886768235 0.48117307679632954 0.47378246796050344 0.519721665924937 0.5028653458114977 0.5037435033010255 0.496481465593245 0.49726659846278953 0.5005186845137972 0.503774009589283 0.5028026790314272 0.49901771148412105 0.5219854207231203
0.5 0.5 0.5 0.5 0.4995801847187238 0.5 0.5 0.5 0.5152905198776758 0.5321739748305373 0.5442333126153752 0.5500945718917066 0.5523326428795047 0.5365312455398131 0.5365233268228966 0.5317301586768934 0.5227617238582926 0.5290110892852556 0.5234137868831337 0.5259263566936331 0.5544698489656014
0.5 0.5005574136008919 0.5 0.5 0.5 0.4950584007187781 0.5068574836016696 0.5184801381692573 0.5215809392115734 0.5341100446984408 0.5388467654478476 0.5393322500709368 0.5494626121044431 0.5679245292485299 0.5732970729070624 0.5609076226921618 0.5611143020716587 0.5559010172110264 0.5397451376118975 0.541725769681267 0.5762319735803643
0.5 0.5 0.49751243781094523 0.5 0.5 0.5162716347520927 0.532756593553929 0.5288402666190937 0.532651430028226 0.5496546549224464 0.5528756536289732 0.5552319053194257 0.5490645307098615 0.5367040449971581 0.5385166139488254 0.5389927499444714 0.5272990677937169 0.5214453987288254 0.5187371800649943 0.5196261198280773 0.5582932411822235
0.4997217584863662 0.5 0.5 0.5 0.5 0.5 0.5022487093675109 0.5197916627866709 0.5289522281834512 0.5375966828966728 0.5365209872166771 0.5383092109591129 0.541857730589789 0.534087134693442 0.5335408700199366 0.5283388523434223 0.5182368436315046 0.5264414790342055 0.5086671773842247 0.5178469860589066 0.5442194965541224
0.5 0.5 0.5 0.5 0.5002782415136339 0.5017221584385764 0.5 0.4940527995358283 0.5 0.5012799440994291 0.5110329337212711 0.5206095286481139 0.5062230003615811 0.5128167411940064 0.5124292460841666 0.5107329191754261 0.5282261106589209 0.5180895299594855 0.5203580490561142 0.515384315610035 0.5299608816026024
0.4998602961721151 0.5 0.5007898894154819 0.5 0.5046610636775964 0.5136921624173749 0.5 0.5 0.5065797778271627 0.5195237260000612 0.5243308218538411 0.5207608033248643 0.5181119358763516 0.5152137545915118 0.5154030386061565 0.514689610765418 0.510558424372986 0.5171176064169779 0.5227069371607305 0.509522657807396 0.5262268155125298
0.5002782415136339 0.49685534591194963 0.5014720314033366 0.5 0.5 0.5 0.5002791736460078 0.5 0.5054881571346043 0.5269529524848674 0.5383249548973097 0.5496217693086387 0.5560795915473827 0.5592423652944988 0.5453430276755727 0.5327021962336586 0.5302027256407682 0.5216137606803958 0.5176157371262726 0.5199830994298164 0.5630955358034905

Class AUC Score:
0.6631111111111111 0.6993805555555556 0.584311111111111
0.6588777777777779 0.7249666666666666 0.6114444444444445
0.5799666666666667 0.6433361111111111 0.5963944444444444
0.6409944444444445 0.6994666666666667 0.6611555555555555
0.6760277777777778 0.7817888888888889 0.6569833333333334
0.6231333333333333 0.7225111111111111 0.6592555555555556
0.6112500000000001 0.7294888888888889 0.6235555555555555
0.6607944444444444 0.6775388888888888 0.59865
0.6241333333333333 0.6874222222222223 0.6328777777777778
0.6627555555555557 0.7244166666666667 0.6111

Class F1 Score:
0.4947209653092006 0.47244094488188976 0.5241635687732342
0.502906976744186 0.5641748942172073 0.5209397344228804
0.5 0.5103448275862069 0.5102880658436214
0.5100133511348465 0.5371024734982333 0.5471311475409836
0.5423076923076923 0.6141215106732348 0.5656565656565656
0.49957805907173 0.5618279569892473 0.5359749739311783
0.5 0.5736196319018405 0.5189094107299912
0.535059331175836 0.527736131934033 0.5036764705882353
0.5101522842639594 0.5333333333333333 0.5265188042430087
0.5207328833172613 0.5507246376811594 0.5306532663316583

Os_mode: gsm-k, train_mode: preT

Test_acc:
0.35777777777777775 0.3333333333333333 0.3333333333333333 0.3333333333333333 0.3333333333333333 0.3333333333333333 0.3333333333333333 0.3333333333333333 0.3333333333333333 0.3333333333333333 0.3333333333333333 0.3333333333333333 0.3333333333333333 0.3333333333333333 0.3333333333333333 0.33666666666666667 0.3522222222222222 0.37666666666666665 0.38666666666666666 0.38666666666666666 0.3988888888888889
0.3333333333333333 0.32555555555555554 0.3333333333333333 0.3333333333333333 0.3333333333333333 0.3333333333333333 0.3333333333333333 0.3333333333333333 0.3333333333333333 0.3333333333333333 0.3333333333333333 0.3333333333333333 0.3333333333333333 0.3333333333333333 0.33444444444444443 0.3411111111111111 0.35333333333333333 0.37222222222222223 0.3888888888888889 0.39 0.39444444444444443
0.32666666666666666 0.3333333333333333 0.3333333333333333 0.3333333333333333 0.3333333333333333 0.3333333333333333 0.3333333333333333 0.3333333333333333 0.3333333333333333 0.3333333333333333 0.3333333333333333 0.3333333333333333 0.3333333333333333 0.3377777777777778 0.35 0.35888888888888887 0.37777777777777777 0.39111111111111113 0.39555555555555555 0.4011111111111111 0.4011111111111111
0.3788888888888889 0.3333333333333333 0.3333333333333333 0.3333333333333333 0.3333333333333333 0.3333333333333333 0.3333333333333333 0.3333333333333333 0.3333333333333333 0.3333333333333333 0.3333333333333333 0.3333333333333333 0.3333333333333333 0.3333333333333333 0.3333333333333333 0.3333333333333333 0.3322222222222222 0.3433333333333333 0.36444444444444446 0.38555555555555554 0.4022222222222222
0.33 0.3111111111111111 0.3333333333333333 0.3333333333333333 0.3333333333333333 0.3333333333333333 0.3333333333333333 0.3333333333333333 0.3333333333333333 0.3333333333333333 0.3333333333333333 0.3333333333333333 0.33666666666666667 0.35555555555555557 0.37444444444444447 0.3988888888888889 0.43222222222222223 0.45222222222222225 0.45 0.45666666666666667 0.4666666666666667
0.3333333333333333 0.3244444444444444 0.3333333333333333 0.3333333333333333 0.3333333333333333 0.3333333333333333 0.3333333333333333 0.3333333333333333 0.3333333333333333 0.3333333333333333 0.3333333333333333 0.3333333333333333 0.3333333333333333 0.3333333333333333 0.3333333333333333 0.3333333333333333 0.3333333333333333 0.3333333333333333 0.33444444444444443 0.3611111111111111 0.4033333333333333
0.3288888888888889 0.3333333333333333 0.3333333333333333 0.3333333333333333 0.3333333333333333 0.3333333333333333 0.3333333333333333 0.3333333333333333 0.3333333333333333 0.3333333333333333 0.3333333333333333 0.3333333333333333 0.3333333333333333 0.3333333333333333 0.3333333333333333 0.3333333333333333 0.3333333333333333 0.3333333333333333 0.3333333333333333 0.3333333333333333 0.34
0.2777777777777778 0.3333333333333333 0.3333333333333333 0.3333333333333333 0.3333333333333333 0.3333333333333333 0.3333333333333333 0.3333333333333333 0.3333333333333333 0.3333333333333333 0.3333333333333333 0.3333333333333333 0.3333333333333333 0.3333333333333333 0.3333333333333333 0.3333333333333333 0.3333333333333333 0.3333333333333333 0.3333333333333333 0.3333333333333333 0.3333333333333333
0.3233333333333333 0.3333333333333333 0.3333333333333333 0.3333333333333333 0.3333333333333333 0.3333333333333333 0.3333333333333333 0.3333333333333333 0.3333333333333333 0.3333333333333333 0.3333333333333333 0.3333333333333333 0.3333333333333333 0.3333333333333333 0.3333333333333333 0.3333333333333333 0.3377777777777778 0.3411111111111111 0.3622222222222222 0.39 0.41444444444444445
0.3333333333333333 0.3333333333333333 0.3333333333333333 0.3333333333333333 0.3333333333333333 0.3333333333333333 0.3333333333333333 0.3333333333333333 0.3333333333333333 0.3333333333333333 0.3333333333333333 0.3333333333333333 0.3333333333333333 0.3333333333333333 0.3333333333333333 0.3333333333333333 0.33444444444444443 0.34555555555555556 0.36 0.37555555555555553 0.3933333333333333

Test_auc:
0.542662962962963 0.5177388888888889 0.5474805555555555 0.5453333333333333 0.5562944444444445 0.5796157407407407 0.6043962962962963 0.6130842592592592 0.6232296296296297 0.6381777777777777 0.6528259259259258 0.6683111111111111 0.6695916666666667 0.6669 0.6662203703703704 0.6643462962962964 0.6596611111111111 0.6540453703703704 0.6438629629629631 0.6330851851851852 0.6704601851851851
0.5402324074074074 0.5387694444444444 0.5477083333333334 0.5867083333333333 0.6048833333333333 0.6135638888888889 0.6312416666666666 0.6452509259259259 0.657749074074074 0.6706027777777778 0.6798333333333334 0.680136111111111 0.6722388888888889 0.6619685185185186 0.6571046296296296 0.6536259259259259 0.6523814814814815 0.6501222222222222 0.6496046296296296 0.6499435185185186 0.6808787037037037
0.5384953703703704 0.5343064814814815 0.5065462962962963 0.5411370370370371 0.5664379629629629 0.5943018518518519 0.6124351851851851 0.6246666666666667 0.6306777777777777 0.6353694444444445 0.6375287037037037 0.6357416666666666 0.6297944444444444 0.6313148148148149 0.632712962962963 0.6354462962962963 0.6379342592592593 0.6398407407407407 0.6407324074074073 0.6388555555555555 0.6407324074074073
0.5188259259259259 0.5449425925925926 0.5537972222222223 0.5575666666666667 0.5678870370370371 0.580875 0.5899694444444444 0.6081064814814815 0.6309601851851853 0.6572388888888888 0.6784157407407406 0.6800324074074074 0.6735842592592594 0.6623037037037037 0.6528842592592592 0.6516092592592594 0.6525777777777778 0.6536314814814815 0.6533796296296298 0.65225 0.6807407407407408
0.494412037037037 0.5376064814814815 0.5583203703703704 0.5704851851851851 0.6013138888888889 0.6338555555555556 0.6557120370370372 0.6769472222222221 0.6918749999999999 0.6967611111111113 0.6931537037037038 0.6878805555555555 0.6854851851851853 0.6842638888888889 0.6787111111111113 0.6759962962962963 0.6730962962962962 0.6714851851851854 0.6694546296296296 0.6681500000000001 0.6967888888888889
0.4646666666666666 0.5155037037037037 0.5438148148148149 0.5576462962962964 0.5652583333333333 0.5929074074074073 0.6093416666666667 0.6161703703703704 0.6165925925925927 0.620187962962963 0.6308907407407408 0.6447638888888888 0.656525925925926 0.6690055555555556 0.6787212962962963 0.6849833333333333 0.6885851851851852 0.6898833333333334 0.6882185185185185 0.680862962962963 0.6898833333333334
0.48452870370370366 0.5044703703703703 0.540762962962963 0.5625981481481482 0.564212037037037 0.5735657407407407 0.5850287037037037 0.5963111111111111 0.609225 0.6209898148148149 0.6321601851851851 0.6455574074074074 0.6534388888888888 0.6557592592592592 0.6517416666666667 0.6457092592592593 0.6447583333333333 0.6453888888888889 0.6451861111111111 0.6437055555555555 0.6557592592592592
0.44620740740740744 0.44574074074074077 0.4480907407407408 0.44180185185185183 0.4512324074074074 0.4560296296296296 0.4565083333333333 0.46573055555555554 0.4862259259259259 0.5093666666666666 0.5283953703703704 0.5489592592592593 0.5674444444444444 0.5829361111111111 0.5961592592592592 0.6043722222222222 0.6111935185185186 0.6184037037037037 0.6193388888888888 0.6150037037037038 0.6201462962962963
0.5053083333333334 0.5253574074074073 0.5340999999999999 0.5444287037037037 0.5696111111111112 0.5969194444444444 0.6215879629629629 0.6475898148148147 0.6626 0.6715231481481482 0.6818333333333334 0.6878861111111112 0.6878925925925926 0.6816203703703702 0.6796685185185186 0.6791240740740742 0.6768833333333334 0.6746444444444445 0.6747370370370369 0.6737037037037038 0.6887685185185185
0.5640351851851851 0.5667537037037037 0.579625925925926 0.6072546296296296 0.6269657407407407 0.6447018518518517 0.6471444444444444 0.6483527777777778 0.6652546296296297 0.6875472222222223 0.7017268518518519 0.7082601851851852 0.7057194444444445 0.6997722222222222 0.6951101851851851 0.6879444444444444 0.6773527777777778 0.6671138888888889 0.659412962962963 0.6549388888888888 0.7084583333333333

Test_f1:
0.49702380952380953 0.5 0.5 0.5 0.5 0.5 0.5034129692832764 0.5155155155155154 0.507546356188012 0.5 0.5102657004830918 0.5186209901996098 0.5327857792010605 0.538805808862231 0.5342667352854442 0.5354571243604936 0.529269281544566 0.5088036238952831 0.5183843933843933 0.5140566987807039 0.5401871522782415
0.5005833611328009 0.4980326025857223 0.5011207172590458 0.5 0.5066185171583629 0.5081577438954489 0.5107142857142857 0.5033928872071887 0.5144026639643088 0.5331860615131707 0.5519833816417568 0.5601628525733497 0.5270997571984977 0.5460717101745808 0.5387586862765416 0.5310751857325401 0.5268486323304 0.5214574256821916 0.5300392630681139 0.5326573107112876 0.560840986770243
0.5 0.5 0.5 0.5 0.5 0.5058275058275058 0.4785373608903021 0.5095619709776948 0.5153835420648586 0.5228452355520182 0.5220269152494224 0.5175576000176295 0.5000307480845455 0.5164091599046912 0.5169451001983753 0.517231218078155 0.5172339433500408 0.5142958751999841 0.5063563632924845 0.5117212837647922 0.5265679565911213
0.5 0.5 0.5 0.5 0.5012765957446809 0.5018253299634934 0.5 0.5 0.5013357079252003 0.5077187176158211 0.5236123046897662 0.5371302846095668 0.5400936781446708 0.5374579010592089 0.5202023818757299 0.5271076328504819 0.5259871054854987 0.5246653449552517 0.5270142102463716 0.5240311511764154 0.5409818121181194
0.49659863945578236 0.4971014492753623 0.5044091825830764 0.5090979481223384 0.5170606653164792 0.5393041499004186 0.5373288544170126 0.5453268612777815 0.5600792237501845 0.563004895884562 0.5584783996811143 0.556029639583009 0.5530266545746422 0.5547160983800422 0.5383443944089156 0.5309161744553599 0.5393735695099241 0.5357174142537188 0.5360809035273105 0.5334032013320186 0.5693301434547772
0.5 0.5002801120448179 0.5019807583474817 0.5 0.5005574136008919 0.5 0.5 0.5 0.5096273291925466 0.5161784626323177 0.515710474405786 0.5185779046994843 0.5147369864270294 0.5334604369527862 0.5396065922381712 0.5509952258842353 0.5516553233266334 0.5484461581751395 0.5431835126444257 0.5308219178082192 0.5536221645544891
0.5 0.5 0.5008431703204047 0.5 0.5 0.5 0.5042412818096136 0.5130208333333334 0.5158346752549651 0.5175169219351784 0.5192875723310507 0.5280643296390711 0.5369128222452719 0.527146619649152 0.5234828106486741 0.5157506840576338 0.5196711595769544 0.5172363932097968 0.51658932856024 0.517610308038399 0.5372852871977215
0.5 0.5 0.5 0.5 0.4997217584863662 0.5004177109440268 0.5 0.5 0.4897647418270699 0.5 0.5009751245449187 0.5032998845267924 0.502156248079169 0.5045219638242894 0.48897444019395236 0.4984465701904995 0.4955054480608873 0.5056137937880038 0.5081041005667982 0.509682915951393 0.5142416919583014
0.5 0.5 0.49288315127441246 0.5 0.49811965811965814 0.5071399428804569 0.5 0.5 0.5093577133462608 0.5269967529611391 0.5386089735589602 0.5538595885260289 0.5479715478144703 0.5498409081755361 0.5451136439382852 0.5406827932864026 0.5413354257696611 0.5446338570197177 0.5420193162465772 0.5420605921745492 0.5568693968693968
0.4988814317673378 0.49949547061082855 0.5031223825830309 0.4987029831387808 0.5 0.5040957034647437 0.5231668915879443 0.5046948356807511 0.500139938427092 0.5009779267951942 0.5087361245671077 0.5352119230100075 0.5598148579990512 0.5574516475318863 0.5494124420180758 0.5500256988088997 0.5413594087722756 0.5279048167105834 0.5141802832487037 0.5129611681850488 0.5611800215614896

Class AUC Score:
0.6829611111111111 0.7102722222222222 0.6001027777777778
0.65225 0.6998000000000001 0.6125555555555555
0.6048333333333332 0.6531722222222223 0.6473333333333333
0.6260611111111112 0.6882166666666667 0.6376
0.6684000000000001 0.7504833333333333 0.6158833333333333
0.6928000000000001 0.7415222222222222 0.6188555555555555
0.6179555555555556 0.7075722222222223 0.6120972222222223
0.6062722222222222 0.6482222222222221 0.5570638888888888
0.6816666666666666 0.718061111111111 0.6403305555555556
0.6755694444444444 0.7365777777777778 0.6537694444444444

Class F1 Score:
0.5510204081632653 0.5432977461447213 0.5145539906103287
0.5183585313174947 0.5631067961165048 0.5153488372093024
0.5054945054945055 0.5132275132275133 0.5283842794759825
0.5005005005005005 0.536928487690504 0.5313496280552603
0.5060034305317325 0.578088578088578 0.530938123752495
0.5501551189245087 0.567741935483871 0.5392354124748491
0.48675914249684743 0.539568345323741 0.5252525252525253
0.5178236397748592 0.4766666666666667 0.5
0.5398601398601398 0.5672436750998668 0.5375347544022243
0.5206232813932172 0.5798657718120805 0.5466666666666666

Os_mode: gsm-b, train_mode: preO
