
Os_mode: no, train_mode: 

Class AUC score:
0.730588888888889 0.7311888888888889 0.6814944444444444
0.6602666666666667 0.6932722222222223 0.6360611111111112
0.6891722222222223 0.7862277777777777 0.6718666666666666
0.5943833333333333 0.7481444444444444 0.6545833333333333
0.6466722222222222 0.7295277777777779 0.6166277777777778
0.7115833333333333 0.7694944444444444 0.6560666666666666
0.6818833333333334 0.7333444444444446 0.630838888888889
0.6964111111111111 0.7370111111111111 0.666338888888889
0.6870222222222222 0.7375888888888888 0.6414277777777778
0.6691444444444444 0.773888888888889 0.6836888888888888

Class F1 Score:
0.5859872611464968 0.5677655677655677 0.5619834710743803
0.4718693284936479 0.5303030303030304 0.5182186234817814
0.5451612903225808 0.6011560693641619 0.5463917525773195
0.4651898734177215 0.5222672064777328 0.5352400408580185
0.4746317512274959 0.4999999999999999 0.5140096618357488
0.5785381026438569 0.5538461538461539 0.5255767301905717
0.5319767441860465 0.546712802768166 0.5261875761266749
0.4737864077669903 0.5559210526315789 0.5530973451327434
0.5406976744186047 0.5808695652173912 0.5347150259067358
0.5016077170418006 0.5822306238185255 0.556989247311828

Os_mode: up, train_mode: 

Class AUC score:
0.6861444444444443 0.7264416666666668 0.5913111111111111
0.5887666666666667 0.7360944444444444 0.6564027777777778
0.6990555555555557 0.7244944444444446 0.632338888888889
0.6156333333333334 0.7862111111111112 0.6435555555555557
0.6305166666666666 0.7294444444444445 0.6174361111111111
0.6661833333333333 0.7523388888888889 0.5898555555555556
0.6389666666666666 0.7625055555555555 0.6654083333333333
0.6385888888888889 0.7489555555555556 0.6395249999999999
0.7012666666666667 0.7517277777777778 0.6553555555555556
0.7220944444444445 0.7941333333333334 0.7158055555555556

Class F1 Score:
0.5319148936170213 0.5217391304347826 0.5072164948453609
0.44036697247706424 0.5064935064935066 0.5344467640918581
0.5225505443234836 0.5492957746478873 0.5415244596131968
0.47900466562986005 0.6045694200351494 0.5360824742268042
0.49818621523579193 0.5269461077844311 0.5293466223698782
0.5017921146953405 0.5788497217068646 0.5005149330587023
0.4541666666666666 0.5204301075268817 0.5165562913907285
0.48358208955223886 0.5403225806451613 0.5355303810504634
0.49056603773584906 0.5577264653641208 0.5304518664047151
0.5454545454545454 0.5481798715203425 0.5680851063829787

Os_mode: smote, train_mode: 

Class AUC score:
0.6503666666666668 0.7543611111111111 0.6573166666666667
0.6554666666666666 0.7811944444444444 0.6669277777777778
0.6574444444444444 0.7222722222222222 0.6495222222222222
0.6924333333333333 0.7299555555555555 0.6562777777777778
0.7109388888888889 0.7096166666666667 0.6251444444444445
0.6372666666666666 0.7132166666666666 0.6195
0.7211944444444445 0.7454611111111111 0.6615166666666666
0.63905 0.7451000000000001 0.6640166666666666
0.6975888888888889 0.7478888888888889 0.6787666666666667
0.7158388888888889 0.7572055555555556 0.66215

Class F1 Score:
0.5006622516556292 0.551307847082495 0.5389755011135858
0.46484374999999994 0.6222222222222222 0.5580404685835996
0.4983606557377049 0.5256673511293635 0.5268389662027833
0.5232744783306581 0.570409982174688 0.5490196078431373
0.5658093797276854 0.5226480836236934 0.5136017410228509
0.48575712143928035 0.5337837837837839 0.525
0.5538971807628524 0.4887892376681614 0.5476429287863591
0.4797219003476246 0.5240174672489084 0.55119825708061
0.5610972568578553 0.5725338491295938 0.556407447973713
0.5904486251808972 0.5693160813308689 0.545054945054945

Os_mode: reweight, train_mode: 

Class AUC score:
0.6929333333333333 0.7551388888888888 0.6147555555555556
0.7109555555555556 0.7682666666666667 0.6569833333333333
0.64035 0.7151444444444445 0.6468277777777778
0.73665 0.7755444444444444 0.69565
0.6326833333333334 0.7038055555555556 0.6000777777777778
0.6853888888888889 0.7254222222222223 0.6398833333333332
0.6898138888888888 0.7511722222222222 0.6515444444444445
0.6982055555555555 0.7571944444444445 0.6392611111111111
0.7095888888888888 0.7601 0.6168
0.7116444444444445 0.7501611111111112 0.6810166666666666

Class F1 Score:
0.5008291873963515 0.49789029535864976 0.5232323232323233
0.5088967971530249 0.5612648221343874 0.5411764705882353
0.4701348747591522 0.4692982456140351 0.5303030303030303
0.565868263473054 0.5667351129363449 0.5341130604288499
0.4648117839607202 0.49900199600798406 0.49838882921589694
0.49069373942470385 0.520076481835564 0.5235042735042735
0.5055999999999999 0.532588454376164 0.5321701199563795
0.5250338294993233 0.5032258064516129 0.50873786407767
0.5424739195230999 0.5849056603773585 0.5219164118246687
0.5442404006677796 0.5506216696269983 0.5344295991778006

Os_mode: embed_sm, train_mode: 

Class AUC score:
0.6554444444444445 0.7486111111111111 0.6786055555555556
0.6707722222222221 0.7454555555555555 0.6120722222222222
0.7126888888888889 0.7462777777777776 0.6159555555555556
0.6057333333333333 0.7494166666666668 0.6134111111111111
0.6734777777777778 0.7510222222222223 0.6198666666666666
0.7087333333333334 0.7541944444444444 0.6699388888888889
0.6704055555555556 0.7216388888888888 0.6713388888888889
0.628311111111111 0.7607666666666667 0.6648666666666667
0.6658777777777777 0.7414166666666667 0.6539277777777779
0.6998777777777778 0.736061111111111 0.6256722222222222

Class F1 Score:
0.4844290657439446 0.5708812260536399 0.5465587044534412
0.5275707898658719 0.5719769673704415 0.528421052631579
0.5102040816326531 0.57439446366782 0.5411255411255411
0.46422338568935423 0.6023688663282573 0.5168295331161781
0.5125 0.5073995771670191 0.5217391304347826
0.536741214057508 0.5961199294532628 0.5491525423728814
0.5277777777777778 0.49898580121703856 0.5517993456924755
0.48409090909090907 0.5615384615384615 0.5420118343195266
0.5205930807248764 0.5598455598455598 0.5304087736789631
0.5135135135135136 0.5742574257425743 0.5240274599542334

Os_mode: gsm, train_mode: pret

Class AUC score:
0.6974694444444445 0.7736333333333333 0.6678888888888889
0.6366222222222222 0.7559833333333333 0.6597611111111111
0.7113888888888888 0.7123388888888889 0.6604277777777777
0.7045416666666666 0.7757777777777778 0.6698222222222222
0.6718722222222223 0.7557833333333334 0.6648444444444445
0.7236611111111111 0.7467166666666667 0.6366055555555556
0.6681333333333335 0.7067555555555556 0.6006055555555555
0.6843611111111111 0.7127222222222223 0.6529888888888888
0.6224000000000001 0.7563944444444445 0.6574166666666666
0.6686500000000001 0.7335611111111111 0.6254166666666666

Class F1 Score:
0.535773710482529 0.6119402985074626 0.5440313111545988
0.5246376811594203 0.5639097744360902 0.531590413943355
0.5642737896494158 0.5383244206773619 0.5492662473794548
0.5640243902439024 0.6247689463955638 0.5624321389793703
0.5352112676056339 0.5627376425855514 0.55005500550055
0.5480314960629922 0.5576923076923077 0.5163398692810457
0.5157421289355323 0.5640243902439024 0.5112781954887219
0.5514511873350924 0.5000000000000001 0.5365321701199564
0.45989304812834225 0.5478927203065135 0.5350966429298066
0.4983164983164983 0.5631067961165049 0.523961661341853

Os_mode: gsm, train_mode: preo

Class AUC score:
0.6886611111111112 0.7888166666666666 0.69135
0.6983277777777779 0.7590888888888889 0.644511111111111
0.6655055555555556 0.7107888888888889 0.6447277777777778
0.64225 0.7430722222222221 0.6497666666666667
0.6480027777777778 0.807838888888889 0.6827888888888889
0.7274222222222222 0.7739777777777778 0.6593388888888888
0.6540611111111112 0.7464777777777778 0.6566722222222223
0.7178777777777778 0.7351388888888888 0.6613277777777777
0.6971055555555556 0.7560277777777779 0.6526444444444445
0.6463000000000001 0.7807000000000001 0.6663888888888889

Class F1 Score:
0.548621190130624 0.6317626527050612 0.5674418604651164
0.5423728813559322 0.5804195804195804 0.5343680709534369
0.5141903171953256 0.49583333333333335 0.5422045680238332
0.49185667752442996 0.532319391634981 0.5376106194690266
0.5163297045101088 0.6429840142095916 0.5539160045402951
0.5582922824302134 0.5860805860805861 0.5531453362255965
0.5157232704402516 0.553030303030303 0.54524627720504
0.5249537892791128 0.5451127819548871 0.5309017223910841
0.5466448445171849 0.6101694915254238 0.5491891891891891
0.4993726474278544 0.5856573705179283 0.5529953917050691

Os_mode: gsm, train_mode: preT

Class AUC score:
0.7017722222222222 0.7585388888888888 0.6562388888888888
0.673088888888889 0.7601 0.6492222222222223
0.6504666666666666 0.7386166666666666 0.6710388888888889
0.6805555555555555 0.7935111111111112 0.6483666666666666
0.6502611111111111 0.7515888888888889 0.6290611111111112
0.6364333333333332 0.7393888888888889 0.6607055555555555
0.6329 0.7390166666666667 0.64685
0.6542333333333332 0.7726722222222222 0.6423333333333334
0.6502333333333334 0.7285777777777777 0.6358055555555556
0.6983666666666666 0.7473333333333334 0.6725555555555555

Class F1 Score:
0.5625 0.5068762278978389 0.5354838709677419
0.5473372781065088 0.5761467889908257 0.5359056806002144
0.47241379310344833 0.5152129817444218 0.5330620549338759
0.4955116696588869 0.6289517470881864 0.5343680709534369
0.5227272727272728 0.5180467091295118 0.5194274028629856
0.47210300429184554 0.4958677685950412 0.5472312703583062
0.45969125214408235 0.551594746716698 0.5377969762419006
0.5141955835962145 0.581888246628131 0.524390243902439
0.4567219152854512 0.5140712945590994 0.5321100917431192
0.5366430260047281 0.4608294930875576 0.5330490405117271

Os_mode: gsm, train_mode: preO

Class AUC score:
0.6347111111111111 0.7468 0.64745
0.6955722222222223 0.7402666666666667 0.6858333333333333
0.6988277777777778 0.7453055555555554 0.6796222222222222
0.6941222222222222 0.7795944444444445 0.6609722222222221
0.6801277777777778 0.7811555555555555 0.6877277777777777
0.60785 0.7165444444444444 0.6373277777777777
0.6791777777777777 0.7489722222222223 0.6348666666666667
0.6526666666666666 0.7661111111111112 0.6611611111111112
0.6744388888888889 0.7614444444444444 0.6666777777777777
0.6090888888888889 0.7358388888888889 0.6397888888888889

Class F1 Score:
0.5068285280728376 0.49891540130151846 0.5325443786982249
0.5367316341829086 0.5831960461285007 0.5556886227544909
0.5629860031104199 0.5661080074487896 0.544468546637744
0.5613577023498695 0.6018018018018019 0.5351418002466092
0.4965986394557823 0.5485232067510549 0.5251184834123224
0.46433990895295907 0.5454545454545454 0.5270684371807968
0.5125628140703518 0.5758620689655172 0.5306577480490524
0.5336658354114713 0.5816733067729084 0.553811659192825
0.4946996466431095 0.5899814471243043 0.5488958990536277
0.4030710172744722 0.5230202578268877 0.5233265720081136

Os_mode: gsm, train_mode: noFT

Class AUC score:
0.7305166666666666 0.7400666666666668 0.6264333333333334
0.6851722222222223 0.7509888888888889 0.6461777777777779
0.6480222222222223 0.7586361111111112 0.6355
0.6624222222222222 0.7847944444444444 0.6716333333333334
0.6749055555555555 0.7503388888888889 0.6512388888888889
0.6562055555555556 0.7360388888888888 0.6529277777777778
0.6494444444444445 0.7657611111111111 0.673711111111111
0.6926666666666667 0.7579888888888888 0.6632722222222223
0.6469888888888888 0.7389833333333333 0.6298722222222223
0.7162611111111111 0.7752888888888888 0.6841055555555555

Class F1 Score:
0.5816023738872403 0.5833333333333334 0.5127635960044394
0.5358711566617863 0.4851063829787234 0.5135699373695198
0.4688644688644689 0.4530892448512586 0.5
0.5232876712328768 0.4989429175475687 0.5415019762845849
0.5151515151515151 0.39540229885057476 0.5127737226277371
0.513552068473609 0.48232848232848236 0.5386221294363257
0.5240963855421686 0.6116700201207244 0.5389221556886228
0.49248120300751885 0.5567765567765569 0.5322896281800391
0.486013986013986 0.5714285714285714 0.5382830626450116
0.5908372827804107 0.6070175438596491 0.5456595264937993
