
Os_mode: no, train_mode: 

Class AUC score:
0.6432777777777777 0.7813888888888889 0.6382666666666668
0.6847222222222222 0.7820555555555556 0.6779388888888888
0.6973333333333332 0.7921027777777778 0.6563555555555556
0.67605 0.7690833333333332 0.6142055555555554
0.7467166666666667 0.7439388888888889 0.6657944444444445
0.723561111111111 0.7420666666666667 0.5988944444444445
0.7028222222222222 0.7620444444444445 0.6627277777777777
0.7212666666666667 0.7672444444444444 0.6680222222222222
0.7308111111111111 0.7550166666666667 0.6552
0.6831944444444444 0.7359055555555556 0.6245777777777777

Class F1 Score:
0.46545454545454545 0.6450617283950617 0.535377358490566
0.5296803652968036 0.6317460317460317 0.5525672371638143
0.5674547983310153 0.636094674556213 0.5230312035661218
0.5195195195195196 0.6113821138211383 0.5120772946859904
0.5889046941678521 0.6035889070146819 0.5391304347826087
0.5655172413793104 0.5674846625766872 0.5059952038369305
0.5076660988074957 0.5905292479108635 0.5424164524421594
0.549342105263158 0.6 0.5272969374167776
0.5616438356164384 0.6012461059190032 0.5273390036452005
0.5429553264604812 0.5909090909090908 0.5232558139534883

Os_mode: up, train_mode: 

Class AUC score:
0.7177611111111111 0.7481 0.6388444444444444
0.6525944444444445 0.7636277777777777 0.6399833333333333
0.7021055555555555 0.7903777777777777 0.6739944444444445
0.7029222222222222 0.7465916666666668 0.6173666666666666
0.7208555555555556 0.7657055555555556 0.6581333333333332
0.6919055555555556 0.7571388888888889 0.669838888888889
0.6838944444444446 0.7672777777777778 0.6486388888888889
0.6618222222222223 0.7508138888888889 0.6756444444444445
0.7291500000000001 0.8006388888888888 0.6875166666666666
0.7141222222222222 0.7796111111111111 0.6724944444444445

Class F1 Score:
0.5288640595903165 0.6000000000000001 0.5178571428571429
0.5079928952042628 0.6086956521739131 0.5301204819277109
0.5668449197860962 0.6345514950166113 0.5279187817258882
0.5259259259259259 0.5748663101604278 0.49008498583569404
0.5566714490674317 0.6175999999999999 0.5406060606060606
0.5344537815126051 0.6076794657762938 0.5566778900112234
0.5613496932515337 0.605657237936772 0.5355932203389832
0.5177304964539008 0.5774877650897227 0.5420991926182238
0.4848484848484849 0.6489859594383776 0.5599128540305011
0.52994555353902 0.6214511041009464 0.5549132947976878

Os_mode: smote, train_mode: 

Class AUC score:
0.6423555555555556 0.7992722222222223 0.6472777777777778
0.7266833333333333 0.8188111111111112 0.6547722222222223
0.6856166666666668 0.7229555555555556 0.6481166666666667
0.7343055555555555 0.7736027777777778 0.6944833333333333
0.7441444444444445 0.79185 0.6600277777777778
0.6696499999999999 0.7567166666666667 0.6378555555555555
0.6282388888888889 0.7429166666666667 0.646886111111111
0.7388166666666666 0.7755777777777778 0.683111111111111
0.69875 0.7755055555555554 0.67475
0.7143944444444444 0.7984722222222222 0.6707277777777778

Class F1 Score:
0.5038402457757296 0.6219931271477664 0.5258323765786451
0.5747800586510264 0.6657263751763046 0.5156037991858888
0.4672131147540983 0.5314183123877917 0.526207605344296
0.5854341736694678 0.5807622504537204 0.5668571428571428
0.5993975903614457 0.6295754026354319 0.5193370165745856
0.5239520958083832 0.5935828877005348 0.5042492917847027
0.43083003952569177 0.567260940032415 0.5341880341880343
0.5678571428571428 0.628389154704944 0.5385500575373994
0.539568345323741 0.6134094151212555 0.5390625
0.5913978494623656 0.6286701208981003 0.5559322033898305

Os_mode: reweight, train_mode: 

Class AUC score:
0.7046888888888889 0.7516972222222222 0.6801222222222223
0.7185611111111112 0.7551666666666665 0.6572666666666668
0.7092 0.7826055555555556 0.6775722222222222
0.6878833333333333 0.7596055555555554 0.6318166666666668
0.7080722222222222 0.7672611111111111 0.6461888888888889
0.6615444444444445 0.7405555555555555 0.6312500000000001
0.6103 0.790688888888889 0.6434777777777778
0.6621944444444444 0.7789 0.6500444444444443
0.6322000000000001 0.7410833333333333 0.6211555555555556
0.6612 0.7892944444444445 0.6621222222222223

Class F1 Score:
0.538961038961039 0.5777126099706744 0.5588972431077694
0.5816618911174786 0.5933333333333334 0.5491606714628298
0.5571616294349541 0.6163723916532906 0.5571776155717761
0.5428571428571428 0.5658914728682171 0.5126646403242148
0.5251396648044693 0.5986842105263157 0.5263157894736842
0.5244565217391305 0.5776965265082267 0.5205784204671858
0.47360482654600305 0.6342281879194631 0.5218417945690673
0.49318463444857497 0.5934819897084048 0.5276381909547739
0.4705882352941177 0.5451197053406999 0.5169769989047097
0.5345622119815668 0.5754884547069271 0.5480093676814988

Os_mode: embed_sm, train_mode: 

Class AUC score:
0.6842833333333334 0.7415944444444444 0.6445111111111111
0.6866555555555556 0.7502555555555556 0.6415055555555556
0.6786888888888889 0.7640444444444444 0.6129805555555555
0.7040055555555557 0.7827944444444445 0.6796944444444445
0.6423388888888889 0.7407611111111112 0.6299333333333333
0.6895944444444444 0.7592222222222222 0.6446111111111111
0.7196444444444444 0.7570277777777779 0.6439222222222222
0.7058944444444444 0.7665222222222223 0.6505555555555556
0.7011000000000001 0.763938888888889 0.6580555555555556
0.7176111111111111 0.7693722222222221 0.6640000000000001

Class F1 Score:
0.5685950413223141 0.5483870967741936 0.5243362831858408
0.5441795231416551 0.5464285714285715 0.5393518518518517
0.5504587155963302 0.6003110419906686 0.5294117647058824
0.5171790235081374 0.6161137440758293 0.5405405405405406
0.513157894736842 0.5765472312703583 0.5187032418952618
0.5643410852713179 0.6020408163265306 0.5354691075514874
0.5383244206773619 0.576923076923077 0.5204545454545455
0.5763688760806915 0.5973645680819912 0.5233160621761658
0.5357142857142857 0.5273437500000001 0.540045766590389
0.5487465181058496 0.6069469835466179 0.5537459283387622

Os_mode: gsm, train_mode: pret

Class AUC score:
0.7013777777777778 0.809961111111111 0.7031888888888889
0.72355 0.7769083333333333 0.6650611111111111
0.6683277777777779 0.7503944444444445 0.6524833333333333
0.6689 0.7512388888888888 0.6222333333333334
0.6469333333333334 0.7673500000000002 0.6390888888888888
0.6949666666666667 0.7938833333333333 0.6556166666666667
0.7327055555555555 0.762888888888889 0.6835055555555556
0.6761277777777778 0.7740555555555556 0.6568333333333334
0.7307111111111112 0.7515166666666667 0.6381444444444444
0.6232944444444444 0.7787833333333334 0.6524000000000001

Class F1 Score:
0.5354330708661418 0.5910931174089068 0.5658198614318707
0.5880758807588076 0.6119658119658119 0.5516431924882629
0.5192307692307693 0.5625000000000001 0.5403659849300323
0.5304878048780488 0.5772870662460569 0.5024630541871921
0.4976377952755905 0.6140651801029159 0.5104895104895104
0.5318471337579617 0.6385542168674699 0.551640340218712
0.5705614567526556 0.6198630136986302 0.5675675675675675
0.5444444444444444 0.5677655677655677 0.5368663594470047
0.5602409638554215 0.5936981757877281 0.5349693251533744
0.49062049062049057 0.6241830065359477 0.5423728813559322

Os_mode: gsm, train_mode: preo

Class AUC score:
0.7373833333333333 0.7664944444444444 0.6443055555555557
0.7146888888888888 0.7906833333333334 0.6476
0.7471277777777777 0.7797000000000001 0.6503694444444444
0.6674666666666667 0.7582222222222222 0.6690472222222221
0.6484666666666667 0.7544166666666667 0.6639888888888889
0.7393000000000001 0.7718 0.6624277777777778
0.6687055555555557 0.7398777777777777 0.6500611111111111
0.7470444444444445 0.7906166666666666 0.6549333333333334
0.6956555555555556 0.74045 0.6489833333333334
0.7054666666666667 0.7835 0.6662388888888888

Class F1 Score:
0.554421768707483 0.6286594761171033 0.5300613496932515
0.5250379362670713 0.649390243902439 0.5242463958060288
0.5694444444444444 0.6162962962962963 0.5213154689403167
0.5146579804560261 0.6031746031746033 0.544392523364486
0.47601476014760147 0.6052631578947368 0.5255102040816327
0.5735963581183613 0.5996705107084019 0.5488810365135454
0.5132947976878612 0.5669014084507041 0.5290322580645161
0.584070796460177 0.6491803278688524 0.5555555555555556
0.5503759398496241 0.5714285714285714 0.5301775147928995
0.5709969788519638 0.6006711409395973 0.5517241379310345

Os_mode: gsm, train_mode: preT

Class AUC score:
0.681938888888889 0.7460666666666667 0.6327166666666666
0.7208388888888889 0.7911333333333332 0.6575611111111112
0.6153888888888888 0.7677444444444445 0.6617500000000001
0.6202833333333333 0.7520277777777777 0.6370555555555556
0.666511111111111 0.7580555555555557 0.6432055555555555
0.7271777777777778 0.8006833333333332 0.6678000000000001
0.7212166666666666 0.7789555555555556 0.6620611111111112
0.7372111111111112 0.7720777777777778 0.6427
0.7038722222222223 0.7756 0.6568861111111111
0.7608666666666666 0.7530999999999999 0.6096555555555555

Class F1 Score:
0.5 0.5701881331403763 0.5260545905707196
0.5899864682002707 0.6013745704467354 0.5378973105134474
0.46069469835466176 0.6069182389937107 0.551640340218712
0.4716981132075472 0.5768566493955095 0.5229050279329609
0.5402124430955995 0.5833333333333333 0.5293466223698782
0.5552050473186121 0.6470588235294117 0.5475
0.5029239766081871 0.6179604261796043 0.5236523652365236
0.5833333333333334 0.6182380216383307 0.5283474065138722
0.49214659685863876 0.6227544910179641 0.5433376455368694
0.5978898007033997 0.5975975975975977 0.4796633941093969

Os_mode: gsm, train_mode: preO

Class AUC score:
0.7270444444444444 0.7871999999999999 0.6923166666666667
0.6981055555555555 0.7305555555555556 0.6679611111111111
0.7113499999999999 0.7835888888888889 0.699861111111111
0.7378888888888889 0.7847500000000001 0.6728027777777777
0.7272055555555554 0.7682888888888889 0.6449111111111112
0.7061999999999999 0.7773722222222224 0.6809000000000001
0.7287499999999999 0.7591055555555557 0.6564166666666666
0.6931111111111111 0.7446833333333333 0.6350944444444444
0.6800388888888889 0.7813444444444445 0.6623222222222223
0.7345833333333334 0.7662722222222222 0.6950444444444445

Class F1 Score:
0.5758513931888546 0.6415094339622642 0.5569272976680384
0.5714285714285714 0.5763293310463122 0.5208085612366231
0.5694635488308116 0.6231343283582089 0.5608108108108109
0.5601317957166393 0.6345514950166113 0.5435294117647059
0.6011396011396012 0.6006825938566553 0.5168800931315484
0.5234657039711191 0.6146010186757216 0.5523385300668152
0.5646359583952452 0.5878378378378378 0.5299890948745911
0.5585874799357944 0.5788667687595711 0.50730411686587
0.5460526315789473 0.627177700348432 0.5477272727272727
0.5830618892508143 0.5990180032733224 0.5814234016887817

Os_mode: gsm, train_mode: noFT

Class AUC score:
0.6532111111111112 0.7686944444444445 0.6622777777777777
0.6973277777777778 0.7827833333333334 0.6502500000000001
0.7275611111111112 0.7913888888888888 0.6590222222222222
0.7059555555555556 0.7614 0.6487833333333334
0.7162 0.7991999999999999 0.6475944444444445
0.7190444444444445 0.7508833333333333 0.6658055555555555
0.7120388888888889 0.7833833333333333 0.6787944444444445
0.7047444444444444 0.7388166666666667 0.6358944444444445
0.7267333333333333 0.7720805555555555 0.6503722222222221
0.7238888888888889 0.7476833333333334 0.6671777777777778

Class F1 Score:
0.5072046109510087 0.6171617161716172 0.5482717520858165
0.551246537396122 0.6125827814569537 0.5254027261462206
0.5786163522012578 0.6196319018404909 0.5396419437340153
0.5518341307814991 0.6020066889632107 0.52975495915986
0.5670628183361629 0.6373626373626374 0.5151515151515152
0.5222222222222221 0.6108663729809104 0.5328554360812425
0.5701492537313433 0.6101694915254238 0.5574572127139364
0.5121495327102804 0.5752330226364847 0.4971751412429378
0.5603715170278639 0.6301775147928995 0.5181347150259066
0.5409252669039146 0.6015037593984963 0.5512367491166077
