
Up_ratio: 1.6

Os_mode: kmeans, train_mode: 

Test_acc:
0.3333333333333333 0.3244444444444444 0.3333333333333333 0.3333333333333333 0.3333333333333333 0.3333333333333333 0.3333333333333333 0.3333333333333333 0.3333333333333333 0.3333333333333333 0.3333333333333333 0.3333333333333333 0.3333333333333333 0.3333333333333333 0.3333333333333333 0.3333333333333333 0.3333333333333333 0.3333333333333333 0.3377777777777778 0.36333333333333334 0.3788888888888889
0.3322222222222222 0.3333333333333333 0.3333333333333333 0.3333333333333333 0.3333333333333333 0.3333333333333333 0.3333333333333333 0.3333333333333333 0.3333333333333333 0.3333333333333333 0.3333333333333333 0.3333333333333333 0.3333333333333333 0.3333333333333333 0.3333333333333333 0.3333333333333333 0.3333333333333333 0.33444444444444443 0.3422222222222222 0.3466666666666667 0.3511111111111111
0.3411111111111111 0.3333333333333333 0.3333333333333333 0.3333333333333333 0.3333333333333333 0.3333333333333333 0.3333333333333333 0.3333333333333333 0.3333333333333333 0.3333333333333333 0.3333333333333333 0.3333333333333333 0.3333333333333333 0.3333333333333333 0.3333333333333333 0.3333333333333333 0.3333333333333333 0.3433333333333333 0.37333333333333335 0.3877777777777778 0.4033333333333333
0.3333333333333333 0.3333333333333333 0.3333333333333333 0.3333333333333333 0.3333333333333333 0.3333333333333333 0.3333333333333333 0.3333333333333333 0.3333333333333333 0.3333333333333333 0.3333333333333333 0.3333333333333333 0.3333333333333333 0.33555555555555555 0.34555555555555556 0.35888888888888887 0.37777777777777777 0.39 0.4066666666666667 0.40444444444444444 0.4166666666666667
0.3322222222222222 0.3333333333333333 0.3333333333333333 0.3333333333333333 0.3333333333333333 0.3333333333333333 0.3333333333333333 0.3333333333333333 0.3333333333333333 0.3333333333333333 0.3333333333333333 0.3333333333333333 0.3333333333333333 0.3333333333333333 0.3333333333333333 0.3333333333333333 0.3333333333333333 0.3333333333333333 0.3333333333333333 0.34 0.3566666666666667
0.3333333333333333 0.3333333333333333 0.3333333333333333 0.3333333333333333 0.3333333333333333 0.3333333333333333 0.3333333333333333 0.3333333333333333 0.3333333333333333 0.3333333333333333 0.3333333333333333 0.3333333333333333 0.3333333333333333 0.3333333333333333 0.3333333333333333 0.3333333333333333 0.3333333333333333 0.33555555555555555 0.34555555555555556 0.3622222222222222 0.3688888888888889
0.34444444444444444 0.3333333333333333 0.3333333333333333 0.3333333333333333 0.3333333333333333 0.3333333333333333 0.3333333333333333 0.3333333333333333 0.3333333333333333 0.3333333333333333 0.3333333333333333 0.3333333333333333 0.3333333333333333 0.3333333333333333 0.3333333333333333 0.3333333333333333 0.3333333333333333 0.3333333333333333 0.3333333333333333 0.3333333333333333 0.34444444444444444
0.3188888888888889 0.3333333333333333 0.3333333333333333 0.3333333333333333 0.3333333333333333 0.3333333333333333 0.3333333333333333 0.3333333333333333 0.3333333333333333 0.3333333333333333 0.3333333333333333 0.3333333333333333 0.3333333333333333 0.3333333333333333 0.3333333333333333 0.3333333333333333 0.3333333333333333 0.34 0.3466666666666667 0.3522222222222222 0.35555555555555557
0.3422222222222222 0.3333333333333333 0.3333333333333333 0.3333333333333333 0.3333333333333333 0.3333333333333333 0.3333333333333333 0.3333333333333333 0.3333333333333333 0.3333333333333333 0.3333333333333333 0.3333333333333333 0.3333333333333333 0.3333333333333333 0.3333333333333333 0.33444444444444443 0.3488888888888889 0.3811111111111111 0.39444444444444443 0.4066666666666667 0.4122222222222222
0.3288888888888889 0.3333333333333333 0.3333333333333333 0.3333333333333333 0.3333333333333333 0.3333333333333333 0.3333333333333333 0.3333333333333333 0.3333333333333333 0.3333333333333333 0.3333333333333333 0.3333333333333333 0.3333333333333333 0.3333333333333333 0.3333333333333333 0.34 0.36444444444444446 0.4011111111111111 0.40444444444444444 0.4022222222222222 0.41444444444444445

Test_auc:
0.4593416666666667 0.44104537037037045 0.451937037037037 0.4654685185185185 0.486425925925926 0.5182888888888889 0.5514944444444444 0.5771694444444444 0.5973481481481481 0.6140694444444444 0.6281925925925926 0.6387944444444444 0.6463796296296296 0.6517805555555555 0.6516481481481482 0.6467194444444444 0.640024074074074 0.6373277777777777 0.6395527777777777 0.6384499999999999 0.6523388888888889
0.48246018518518524 0.5049148148148148 0.5295148148148148 0.5471499999999999 0.564875925925926 0.5850583333333333 0.6014518518518518 0.6210287037037037 0.6400564814814814 0.6521712962962963 0.6606953703703704 0.6664305555555555 0.6693268518518519 0.6659509259259259 0.6533018518518519 0.6416583333333333 0.632425 0.629036111111111 0.6234814814814815 0.6201796296296297 0.6697564814814815
0.5195333333333333 0.5516944444444444 0.5571935185185185 0.5526851851851852 0.5501527777777778 0.5917305555555555 0.6100305555555555 0.6201944444444444 0.6272574074074074 0.6365759259259259 0.6431305555555555 0.648738888888889 0.6489666666666668 0.6462203703703704 0.6417018518518519 0.6375796296296296 0.6350703703703704 0.6320203703703703 0.6289453703703703 0.627512962962963 0.6495018518518519
0.49080277777777787 0.47569537037037035 0.492987962962963 0.5215222222222221 0.5439962962962963 0.5856657407407407 0.6293685185185185 0.65765 0.6680157407407407 0.6737925925925925 0.6765537037037038 0.6802981481481482 0.6821944444444444 0.6806555555555556 0.677150925925926 0.6763240740740741 0.673088888888889 0.6701833333333332 0.6705675925925925 0.6694055555555556 0.682236111111111
0.47131296296296293 0.48192037037037033 0.5079990740740741 0.5290694444444445 0.5712351851851851 0.5943703703703704 0.6198703703703704 0.647737962962963 0.6579092592592592 0.667462037037037 0.6784120370370369 0.6887953703703703 0.6981722222222221 0.7045842592592594 0.704112962962963 0.6972620370370372 0.6951074074074075 0.690762037037037 0.6848296296296296 0.6766740740740739 0.7052268518518519
0.49185000000000006 0.5219972222222222 0.5487453703703703 0.5806250000000001 0.5990916666666667 0.6268407407407407 0.6460740740740741 0.6583925925925925 0.6662675925925926 0.6708305555555555 0.6724203703703703 0.671787037037037 0.6670666666666666 0.6600472222222223 0.6560666666666667 0.6553037037037036 0.6533611111111112 0.6509222222222222 0.6458074074074075 0.6424787037037037 0.6729518518518519
0.4535101851851852 0.48685 0.48022499999999996 0.4762592592592593 0.49275092592592595 0.5313861111111112 0.5639953703703703 0.5881851851851851 0.6049037037037038 0.6160796296296296 0.624624074074074 0.6293379629629631 0.6308212962962962 0.6317111111111111 0.6298564814814814 0.6240342592592593 0.6117583333333333 0.6013583333333333 0.6002537037037038 0.5997444444444445 0.6319722222222222
0.4314407407407408 0.4489648148148148 0.46473240740740746 0.4898 0.5206083333333333 0.5510101851851852 0.5714851851851852 0.5875287037037037 0.6002166666666667 0.6102009259259259 0.61645 0.6207416666666666 0.6199361111111111 0.6198657407407407 0.6214981481481482 0.6223972222222223 0.6248074074074075 0.62935 0.6332611111111112 0.6355537037037037 0.6371944444444444
0.5174407407407408 0.5130953703703705 0.5426509259259259 0.5718351851851852 0.6037916666666666 0.6299296296296296 0.6428648148148147 0.6465777777777778 0.6560861111111111 0.6686416666666667 0.6785972222222222 0.6856907407407408 0.6898685185185185 0.6922546296296296 0.6917314814814816 0.6905888888888888 0.6901638888888889 0.6895351851851852 0.6839555555555555 0.6833453703703704 0.6924194444444445
0.47021574074074063 0.5246592592592593 0.5315574074074075 0.5555009259259259 0.5924398148148149 0.622162037037037 0.6466981481481482 0.6592138888888889 0.6755361111111111 0.6888296296296296 0.6933138888888889 0.6957351851851851 0.6978740740740741 0.6940435185185185 0.6870092592592592 0.6785314814814815 0.6745231481481482 0.6712407407407408 0.6676333333333334 0.665012962962963 0.6980546296296296

Test_f1:
0.4953542392566783 0.5 0.5 0.5 0.5 0.5 0.5 0.5 0.5 0.5015471167369902 0.510958657930022 0.5241749625111614 0.5253712981907008 0.5327414038592193 0.5337724713254742 0.5292024846662794 0.518666268780887 0.5166406675851619 0.5180193220860752 0.5140788168825059 0.5350616584542958
0.4991624790619766 0.5 0.5 0.4978111319574734 0.5021215787061019 0.509277031349968 0.5118879792375312 0.5096735264633204 0.5197598791327396 0.5113636363636364 0.5205200672297695 0.5420848873285201 0.5513327931022316 0.5448868901548248 0.524552660113707 0.5229305751201575 0.5120513623712819 0.5224545505541519 0.5216966449665968 0.517994790822805 0.5527747700740581
0.5 0.49999930089827577 0.5022654753179775 0.4871523820580279 0.4998607630186577 0.4980640619500176 0.483726150392817 0.5 0.5024031665253039 0.5078341013824885 0.5143301727135635 0.516373967637124 0.5188356869112122 0.5107304952986199 0.5017052347777576 0.5031998213477508 0.5091635611180386 0.5108405587884376 0.5067069821903417 0.5079377481679289 0.5188356869112122
0.5 0.500702049985959 0.5 0.5 0.5 0.5 0.5061473020952313 0.5233708336843527 0.536333538591402 0.5394148237697769 0.5438098118375361 0.5466573007360903 0.5466261628321707 0.5437869778851147 0.5275049068683688 0.5257696376154198 0.5193729895190727 0.5037456680903696 0.5175875897497865 0.5118686596715487 0.5491549202621862
0.5 0.5 0.5007068136839129 0.5020219526285384 0.5072732900030951 0.5 0.5 0.5035365711648689 0.5315874662231983 0.5505459891958567 0.5646894765675582 0.5565158083840304 0.5608677068758481 0.5661502321481272 0.5659976062480071 0.5599093648085429 0.5589812119171732 0.5494463602507496 0.5441873882536338 0.5218515298472808 0.5717813717342084
0.5 0.49845026768103695 0.4888505663344642 0.506060606060606 0.4920370894677237 0.48606465997770343 0.5014005602240896 0.5092242242012134 0.5229289127691158 0.5340705086808157 0.5420504823506295 0.5468853886780026 0.5442974352306503 0.5304057975106026 0.5248412370402374 0.5319289934610286 0.525193346702843 0.5243645625139145 0.5111222646886754 0.5039918636358004 0.5469271992664125
0.5 0.5004177109440268 0.4969187675070028 0.5 0.5 0.5009779267951942 0.5073133179368745 0.5014392630972941 0.5 0.5 0.5 0.5025906735751295 0.5112388349520404 0.5183464620931286 0.5261847913866966 0.5093238540480747 0.5201207737943119 0.5092845296903815 0.5100130838031146 0.4967847029801072 0.5261847913866966
0.4980392156862745 0.5 0.5 0.5 0.5 0.5 0.5 0.5 0.5021256831781556 0.5091942494149114 0.5167478897913681 0.5165634290723402 0.523453828641235 0.5219249154904136 0.5187049974152621 0.517366261170569 0.51870922002725 0.524481560753253 0.5122082962877984 0.5154571385620988 0.524481560753253
0.5009845288326301 0.5 0.5 0.5037164093767867 0.5 0.5008375209380235 0.5125637800691268 0.5 0.5 0.5073507350735074 0.5344205343174125 0.5347310021394124 0.5403910036165477 0.5520928245119431 0.547819258387367 0.5520923786271609 0.5563198375649967 0.5568754039149588 0.5539299665248171 0.552652128633563 0.5586998899293117
0.4994369369369369 0.49899684723416454 0.5 0.5 0.5 0.5 0.5012547671778179 0.5146967068689628 0.5409917360193458 0.5410079762495515 0.5429214334159557 0.5435734372749038 0.5528683217957945 0.5467218533442607 0.5471083708610823 0.5358908805828858 0.5318361229021361 0.5294682102935373 0.5223411470627825 0.5323174734132379 0.5576911276252914

Class AUC Score:
0.6628277777777778 0.7047722222222221 0.5746666666666667
0.6481833333333332 0.6916722222222222 0.5899444444444445
0.6254833333333334 0.6378 0.6504777777777778
0.6628555555555555 0.7124444444444444 0.6535777777777778
0.706388888888889 0.7613888888888889 0.6253388888888889
0.6341361111111112 0.6904666666666667 0.6409833333333333
0.6002777777777777 0.7020833333333334 0.5723444444444445
0.6207333333333334 0.6617666666666666 0.5851555555555555
0.6874611111111112 0.7431527777777778 0.6413444444444444
0.665061111111111 0.7285833333333334 0.6444555555555556

Class F1 Score:
0.541871921182266 0.5375375375375375 0.5153153153153153
0.5275958840037418 0.535632183908046 0.5056472632493484
0.49283667621776506 0.4925575101488498 0.5272206303724928
0.5193482688391039 0.5230769230769231 0.5337552742616034
0.5555555555555556 0.6172106824925816 0.5108556832694764
0.5109114249037228 0.5449358059914408 0.5456349206349206
0.4918032786885246 0.5170068027210885 0.5147982062780269
0.5133470225872689 0.526984126984127 0.5046728971962616
0.540962288686606 0.5847953216374269 0.5356068204613842
0.5363128491620112 0.5526613816534541 0.5194508009153318

Os_mode: bsm, train_mode: 

Test_acc:
0.3277777777777778 0.3333333333333333 0.3333333333333333 0.3333333333333333 0.3333333333333333 0.3333333333333333 0.3333333333333333 0.3333333333333333 0.3333333333333333 0.3333333333333333 0.3333333333333333 0.3333333333333333 0.3333333333333333 0.3333333333333333 0.3333333333333333 0.3333333333333333 0.33666666666666667 0.3422222222222222 0.3522222222222222 0.35555555555555557 0.36444444444444446
0.33111111111111113 0.3333333333333333 0.3333333333333333 0.3333333333333333 0.3333333333333333 0.3333333333333333 0.3333333333333333 0.3333333333333333 0.3333333333333333 0.3333333333333333 0.3333333333333333 0.3333333333333333 0.3333333333333333 0.3333333333333333 0.3333333333333333 0.3333333333333333 0.33444444444444443 0.33555555555555555 0.3411111111111111 0.35 0.36
0.3333333333333333 0.3333333333333333 0.3333333333333333 0.3333333333333333 0.3333333333333333 0.3333333333333333 0.3333333333333333 0.3333333333333333 0.3333333333333333 0.3333333333333333 0.3333333333333333 0.3333333333333333 0.3333333333333333 0.3333333333333333 0.3333333333333333 0.3333333333333333 0.3377777777777778 0.35 0.35777777777777775 0.36444444444444446 0.3688888888888889
0.3333333333333333 0.3333333333333333 0.3333333333333333 0.3333333333333333 0.3333333333333333 0.3333333333333333 0.3333333333333333 0.3333333333333333 0.3333333333333333 0.3333333333333333 0.3333333333333333 0.3333333333333333 0.3333333333333333 0.3333333333333333 0.3377777777777778 0.35 0.35888888888888887 0.3566666666666667 0.3622222222222222 0.37222222222222223 0.37333333333333335
0.3333333333333333 0.3333333333333333 0.3333333333333333 0.3333333333333333 0.3333333333333333 0.3333333333333333 0.3333333333333333 0.3333333333333333 0.3333333333333333 0.3333333333333333 0.3333333333333333 0.3333333333333333 0.3333333333333333 0.3333333333333333 0.3333333333333333 0.3333333333333333 0.3333333333333333 0.3333333333333333 0.3333333333333333 0.3422222222222222 0.3522222222222222
0.3333333333333333 0.3333333333333333 0.3333333333333333 0.3333333333333333 0.3333333333333333 0.3333333333333333 0.3333333333333333 0.3333333333333333 0.3333333333333333 0.3333333333333333 0.3333333333333333 0.3333333333333333 0.3333333333333333 0.3333333333333333 0.3333333333333333 0.3422222222222222 0.3566666666666667 0.3688888888888889 0.38 0.38666666666666666 0.4
0.33555555555555555 0.3333333333333333 0.3333333333333333 0.3333333333333333 0.3333333333333333 0.3333333333333333 0.3333333333333333 0.3333333333333333 0.3333333333333333 0.3333333333333333 0.3333333333333333 0.3333333333333333 0.3333333333333333 0.3333333333333333 0.3333333333333333 0.3333333333333333 0.3333333333333333 0.3333333333333333 0.3333333333333333 0.3333333333333333 0.33555555555555555
0.3333333333333333 0.3333333333333333 0.3333333333333333 0.3333333333333333 0.3333333333333333 0.3333333333333333 0.3333333333333333 0.3333333333333333 0.3333333333333333 0.3333333333333333 0.3333333333333333 0.3333333333333333 0.3333333333333333 0.3333333333333333 0.3333333333333333 0.3333333333333333 0.3333333333333333 0.3333333333333333 0.3388888888888889 0.3422222222222222 0.35555555555555557
0.33666666666666667 0.3333333333333333 0.3333333333333333 0.3333333333333333 0.3333333333333333 0.3333333333333333 0.3333333333333333 0.3333333333333333 0.3333333333333333 0.3333333333333333 0.3333333333333333 0.3333333333333333 0.3333333333333333 0.3333333333333333 0.3333333333333333 0.3333333333333333 0.35333333333333333 0.36666666666666664 0.38222222222222224 0.3888888888888889 0.4011111111111111
0.3333333333333333 0.3333333333333333 0.3333333333333333 0.3333333333333333 0.3333333333333333 0.3333333333333333 0.3333333333333333 0.3333333333333333 0.3333333333333333 0.3333333333333333 0.3333333333333333 0.3333333333333333 0.3333333333333333 0.3333333333333333 0.3333333333333333 0.3333333333333333 0.3333333333333333 0.3333333333333333 0.3333333333333333 0.3488888888888889 0.3622222222222222

Test_auc:
0.46684629629629626 0.507963888888889 0.5168675925925926 0.5359851851851852 0.5508657407407407 0.5818564814814815 0.6077166666666667 0.6162518518518519 0.6286194444444444 0.6414694444444444 0.65125 0.6591685185185185 0.661700925925926 0.6535861111111111 0.6449444444444444 0.6434861111111111 0.6435796296296297 0.6398935185185185 0.6382407407407408 0.6362777777777778 0.6618722222222222
0.4958805555555556 0.552312962962963 0.5775518518518519 0.5984685185185187 0.6039675925925927 0.6275407407407407 0.6446935185185185 0.6567703703703703 0.6679425925925925 0.6712500000000001 0.6770314814814814 0.6789537037037036 0.6744018518518519 0.6662870370370371 0.6598842592592593 0.6541 0.6489203703703703 0.64305 0.6384833333333333 0.6332796296296297 0.6791851851851852
0.4851703703703704 0.48743333333333333 0.512762037037037 0.5427638888888889 0.582087037037037 0.6146277777777778 0.6325537037037036 0.6447731481481481 0.6502638888888889 0.655525 0.6518537037037038 0.6442981481481481 0.6332796296296297 0.6265592592592593 0.6226944444444444 0.6188351851851852 0.616712962962963 0.6160490740740742 0.6155148148148147 0.6159324074074074 0.655525
0.5224981481481482 0.5274462962962962 0.5212972222222222 0.5413037037037037 0.5469787037037036 0.5724212962962962 0.597424074074074 0.6247342592592592 0.6445333333333333 0.656262037037037 0.6669722222222222 0.6721768518518519 0.6748787037037038 0.6717111111111111 0.6635555555555556 0.6592648148148147 0.6553925925925926 0.6510555555555556 0.6458296296296296 0.6406777777777778 0.6751731481481481
0.469912962962963 0.49826851851851844 0.5028120370370371 0.5047305555555556 0.5396342592592592 0.5840009259259259 0.6052592592592593 0.6204657407407407 0.6378037037037038 0.6513851851851852 0.6645509259259259 0.6748925925925926 0.6821703703703704 0.685486111111111 0.6847907407407408 0.6783351851851852 0.6756296296296297 0.6721453703703704 0.6703694444444445 0.6694185185185185 0.6869749999999999
0.5799657407407407 0.5983518518518519 0.5875416666666666 0.5815222222222223 0.6088657407407407 0.6477 0.664812962962963 0.6746472222222222 0.6762666666666667 0.6776240740740741 0.6818351851851853 0.6845120370370371 0.6877166666666666 0.6895370370370371 0.6898907407407407 0.6867277777777777 0.6821981481481482 0.6780296296296296 0.6729574074074075 0.666912962962963 0.690137962962963
0.4550537037037037 0.4101009259259259 0.4268703703703704 0.4803111111111111 0.5404175925925926 0.5496314814814814 0.5628833333333333 0.5863935185185185 0.6038305555555555 0.6164898148148148 0.6246564814814816 0.6327629629629629 0.6373462962962964 0.6381407407407408 0.6374194444444444 0.6334055555555556 0.6234138888888889 0.6153351851851853 0.6128111111111112 0.6114648148148148 0.6385935185185185
0.5085472222222223 0.523599074074074 0.5219435185185185 0.5126120370370371 0.528212962962963 0.5604250000000001 0.5859685185185186 0.6043055555555555 0.6182787037037037 0.6309064814814814 0.6408379629629629 0.6471555555555555 0.6540777777777778 0.6555490740740741 0.6530055555555555 0.6468935185185186 0.6398925925925926 0.635637037037037 0.6290296296296296 0.6240092592592592 0.6558527777777777
0.5491444444444445 0.5550222222222222 0.5787629629629629 0.6140564814814815 0.6171574074074074 0.6504296296296297 0.6726009259259259 0.6826333333333333 0.6895629629629628 0.690636111111111 0.6866388888888887 0.6813000000000001 0.6772314814814816 0.6711796296296297 0.6676611111111109 0.664212962962963 0.6625740740740741 0.6602027777777778 0.6582925925925925 0.656999074074074 0.6909324074074075
0.4768481481481482 0.5152657407407407 0.5117888888888888 0.5384212962962963 0.5797925925925925 0.6176 0.6382092592592592 0.6520277777777778 0.6694620370370371 0.6800805555555555 0.6880851851851851 0.694375 0.6995324074074074 0.7014138888888889 0.7006074074074075 0.697863888888889 0.6950388888888889 0.6914166666666666 0.6867935185185186 0.6814888888888889 0.7017453703703703

Test_f1:
0.5 0.5 0.5013215859030837 0.4948073701842546 0.5012722646310432 0.49137931034482757 0.5 0.5019807583474817 0.5052035672206564 0.5188362603929045 0.524039756387868 0.5285771817002295 0.5320120523425252 0.5257592815420291 0.5236290013883459 0.5341251308507964 0.5222552032639847 0.5142411392375098 0.5176731715377206 0.5194303043859052 0.5342626523317934
0.5 0.5 0.5 0.4968795472730588 0.5014343086632244 0.5 0.5 0.5022522522522522 0.5203999807147307 0.5375904388674299 0.530969030969031 0.5306048103743366 0.5316528224135001 0.5470290669461927 0.5483837261600089 0.5424734439970985 0.5307526739937792 0.5220880967925655 0.5136394363078564 0.5051700835410989 0.551520865533938
0.5 0.5 0.5 0.4954732510288066 0.5 0.5033394049787493 0.5046632124352332 0.5071524858080253 0.505603600918364 0.5123178925465774 0.5280854429100025 0.5203632582172802 0.5156708426387048 0.5134672657461956 0.5088264361725301 0.5032089411805429 0.5030948251726953 0.497046550103217 0.49723577175459815 0.49643523179633936 0.5286522110192532
0.4976160941073222 0.5 0.5 0.5 0.5 0.5 0.5 0.5015376873574625 0.5115264055866365 0.518568387465198 0.5250181666135677 0.524823266543951 0.5291426274988335 0.5366354910851222 0.5252578973715626 0.5192020948046134 0.5260885053777349 0.5177560879958877 0.5138909057896796 0.5117774450519447 0.5366354910851222
0.4997208263539921 0.5 0.5 0.5 0.5020503807850029 0.5 0.5 0.5 0.5 0.504458337463724 0.5318061399407823 0.5465045999391763 0.5514726385537801 0.5444364371516142 0.5559887213301603 0.5493620266855784 0.544767951784992 0.546270327861028 0.5291863839396744 0.5251393063947435 0.558328417142805
0.5 0.5011376564277589 0.5 0.504079254079254 0.5 0.5120772946859904 0.5340306834030684 0.5329237654907425 0.5490588612591277 0.5450784688545481 0.5647005260745114 0.5620103899486714 0.5580040699632874 0.5570532200704846 0.551268683517879 0.54837571699192 0.54562797599882 0.5364617200154792 0.5349747803985092 0.5293134649567562 0.5647005260745114
0.5 0.5002782415136339 0.5 0.4984126984126984 0.5 0.5 0.5 0.4999950568148515 0.5118323191345504 0.5061225220680173 0.5083098149890247 0.5085665669189696 0.5073330817818044 0.5076954834437603 0.5158743506670262 0.5170425792280926 0.5072533379564148 0.507518470529153 0.5115353335262532 0.5115315537072931 0.5242866826599833
0.5 0.5 0.5 0.5 0.5 0.5 0.5002791736460078 0.5069331404111653 0.5073353804162402 0.5088183421516755 0.5157232704402516 0.5171614567587722 0.516314726841621 0.5259314242170653 0.5270759530926975 0.5287444695487623 0.5210491737845082 0.5226012051826044 0.5160110463946651 0.5144531134196322 0.5326499212755925
0.49500735440823695 0.5002949852507375 0.5051288429882167 0.5009812167087188 0.5 0.500702049985959 0.5167425010674637 0.5317748084484135 0.5506451596663192 0.5565096235636043 0.553208711145233 0.557061887319877 0.5304842161583735 0.5334901757060391 0.5361354966504094 0.5361973871268312 0.5267030116227521 0.5302438498209241 0.5248991285529179 0.513381335956967 0.560207665342722
0.5 0.5 0.5 0.5021893855111635 0.5 0.5 0.5 0.5016949152542373 0.5262970885700029 0.554352896802946 0.5402949931138655 0.5262850861596539 0.5278247255297325 0.5430370602028427 0.5534121293641435 0.5473610943420205 0.5519818971601984 0.5438072192412695 0.5374608877283604 0.541033354337348 0.5571660503838779

Class AUC Score:
0.6588527777777778 0.6821944444444444 0.5887222222222223
0.6594055555555556 0.7077 0.5966916666666667
0.6142222222222222 0.6382833333333333 0.6068888888888889
0.6340222222222223 0.6955333333333333 0.6491166666666667
0.6934277777777778 0.7354333333333333 0.6084555555555555
0.6879055555555555 0.7364388888888889 0.6367722222222222
0.6237333333333334 0.6918166666666666 0.5873
0.6572666666666667 0.6688944444444445 0.6166333333333333
0.6603666666666667 0.6943722222222222 0.6430388888888888
0.6907944444444445 0.7729222222222223 0.6309277777777779

Class F1 Score:
0.5352112676056338 0.5309548793284365 0.5121293800539084
0.5412054120541205 0.575796178343949 0.5206532180595581
0.4401294498381877 0.5006765899864682 0.5136612021857924
0.5029940119760479 0.5388828039430449 0.53276955602537
0.5559105431309904 0.5725806451612904 0.5246913580246914
0.5420991926182238 0.569078947368421 0.5343228200371057
0.5153374233128835 0.5393258426966292 0.5010351966873706
0.5413533834586466 0.5341246290801187 0.5155807365439093
0.5188067444876784 0.5579514824797843 0.5215827338129496
0.5456410256410257 0.594272076372315 0.517921146953405

Os_mode: gsm-b, train_mode: preT
