
Class Sample Num: 20

Im_ratio: [0.4, 0.5, 0.6]

Up_ratio: 0

Os_mode: no, train_mode: 

Test_acc:
0.25 0.25 0.25 0.25 0.25 0.5 0.25 0.25 0.25 0.25 0.25 0.25 0.25 0.25 0.25 0.25 0.25 0.25 0.4166666666666667 0.48333333333333334 0.5
0.25 0.25 0.25 0.25 0.25 0.25 0.25 0.25 0.25 0.25 0.25 0.25 0.25 0.25 0.25 0.25 0.25 0.25 0.4666666666666667 0.49166666666666664 0.49166666666666664
0.25 0.25 0.25 0.25 0.25 0.25 0.25 0.475 0.5 0.25 0.25 0.25 0.25 0.25 0.25 0.25 0.25 0.25 0.25 0.25 0.5
0.25 0.25 0.25 0.25 0.25 0.25 0.25 0.25 0.25 0.25 0.25 0.25 0.25 0.25 0.25 0.25 0.25 0.25 0.25 0.4583333333333333 0.49166666666666664
0.25 0.25 0.25 0.25 0.25 0.25 0.25 0.25 0.25 0.25 0.25 0.25 0.25 0.25 0.25 0.25 0.4583333333333333 0.48333333333333334 0.5 0.5 0.5
0.25 0.25 0.25 0.25 0.25 0.25 0.25 0.25 0.25 0.25 0.25 0.25 0.25 0.25 0.25 0.25 0.25 0.25 0.275 0.49166666666666664 0.49166666666666664
0.25 0.25 0.25 0.25 0.25 0.25 0.25 0.25 0.25 0.25 0.25 0.25 0.25 0.25 0.25 0.25 0.25 0.25 0.25 0.25 0.5
0.25 0.25 0.25 0.48333333333333334 0.38333333333333336 0.25 0.25 0.25 0.25 0.25 0.25 0.25 0.25 0.25 0.25 0.25 0.25 0.25 0.25 0.25 0.5
0.25 0.25 0.25 0.25 0.25 0.25 0.25 0.25 0.25 0.25 0.25 0.25 0.25 0.25 0.25 0.25 0.4166666666666667 0.48333333333333334 0.49166666666666664 0.5 0.5
0.25 0.25 0.25 0.25 0.25 0.25 0.25 0.25 0.25 0.25 0.25 0.25 0.25 0.25 0.25 0.25 0.25 0.36666666666666664 0.48333333333333334 0.49166666666666664 0.49166666666666664

Test_auc:
0.8682407407407408 0.9941666666666668 0.9972222222222222 0.9983333333333333 0.9986111111111111 0.9987037037037036 0.9988888888888888 0.9990740740740741 0.9991666666666668 0.9993518518518518 0.9993518518518518 0.9992592592592593 0.9965740740740741 0.9938888888888888 0.9857407407407408 0.9699074074074074 0.9562962962962964 0.9462962962962963 0.9404629629629631 0.9409259259259259 0.9993518518518518
0.49958333333333327 0.9934259259259259 0.9984259259259259 0.9984259259259259 0.9982407407407408 0.9983333333333333 0.9984259259259259 0.9980555555555555 0.9965740740740741 0.9934259259259259 0.9930555555555556 0.9927777777777778 0.9912962962962962 0.9873148148148149 0.9792592592592593 0.9719444444444445 0.9691666666666667 0.9663888888888889 0.965 0.9632407407407407 0.9986111111111111
0.6260648148148148 0.9897222222222222 0.9975 0.9990740740740741 0.9991666666666666 0.9987037037037036 0.9986111111111111 0.9979629629629629 0.9959259259259259 0.9906481481481482 0.9875 0.9837962962962963 0.9775 0.970925925925926 0.9678703703703704 0.9670370370370371 0.9651851851851851 0.9615740740740741 0.9595370370370371 0.9558333333333333 0.9992592592592593
0.7531481481481481 0.9377777777777778 0.9739814814814814 0.9791666666666666 0.9792592592592593 0.9774074074074075 0.973425925925926 0.9689814814814816 0.9639814814814814 0.9552777777777778 0.9401851851851852 0.9218518518518518 0.9091666666666668 0.9062037037037037 0.9043518518518519 0.9035185185185186 0.9030555555555556 0.9026851851851853 0.9025925925925926 0.9026851851851851 0.9796296296296296
0.46861111111111114 0.9893055555555555 0.9982407407407408 0.9985185185185185 0.9983333333333334 0.9984259259259259 0.9984259259259259 0.9983333333333333 0.9983333333333333 0.9979629629629629 0.9974074074074075 0.9951851851851853 0.9921296296296296 0.9893518518518518 0.9838888888888889 0.9792592592592593 0.9761111111111112 0.9726851851851852 0.9660185185185185 0.9642592592592593 0.9985185185185185
0.41879629629629633 0.985 0.9933333333333334 0.9930555555555556 0.9933333333333334 0.9928703703703703 0.9917592592592592 0.9905555555555555 0.9842592592592593 0.9733333333333334 0.9649074074074073 0.9437037037037037 0.9112037037037037 0.8830555555555556 0.8581481481481481 0.8352777777777778 0.8149074074074074 0.7999074074074075 0.7947222222222223 0.7950925925925927 0.9935185185185185
0.555787037037037 0.9907407407407407 0.9980555555555556 0.9979629629629629 0.9978703703703703 0.9977777777777777 0.9977777777777777 0.9975 0.9971296296296296 0.9922222222222221 0.9863888888888889 0.9757407407407408 0.968425925925926 0.9594444444444444 0.9546296296296297 0.9456481481481482 0.9409259259259259 0.9361111111111111 0.9295370370370369 0.9224074074074075 0.9981481481481481
0.7247222222222223 0.9826851851851852 0.9893518518518519 0.9889814814814815 0.9890740740740741 0.9852777777777777 0.9827777777777778 0.9796296296296296 0.9758333333333333 0.9694444444444446 0.9613888888888888 0.9542592592592593 0.9487962962962964 0.9426851851851852 0.9280555555555555 0.9210185185185185 0.9085185185185185 0.9019444444444444 0.895925925925926 0.8967592592592593 0.9903703703703703
0.4911111111111111 0.9470370370370371 0.9861111111111112 0.9877777777777778 0.9883333333333334 0.9872222222222223 0.9855555555555556 0.9824074074074074 0.9787962962962963 0.9768518518518519 0.9719444444444444 0.965925925925926 0.9557407407407407 0.9457407407407408 0.9379629629629629 0.9289814814814815 0.9209259259259259 0.9178703703703703 0.9159259259259259 0.9114814814814816 0.9887037037037038
0.20064814814814813 0.9583333333333334 0.9834259259259259 0.9852777777777777 0.984537037037037 0.9823148148148149 0.9775925925925926 0.9723148148148149 0.9667592592592592 0.9598148148148148 0.9514814814814816 0.9439814814814815 0.9368518518518519 0.928425925925926 0.9218518518518519 0.917962962962963 0.9148148148148147 0.9125925925925926 0.9112962962962964 0.9111111111111111 0.985462962962963

Test_f1:
0.4 0.4 0.4 0.4 0.4 0.4 0.5321428571428571 0.5183361629881155 0.6668790839102025 0.8244301578024548 0.679648697758934 0.6426265750147988 0.6059501264541121 0.6176804736852983 0.7149696894015076 0.7539691414064278 0.7426129201680672 0.6372918042409568 0.7138988938963633 0.7048733855415525 0.8288086888759011
0.4 0.4 0.4 0.4 0.5499999999999999 0.4041666666666667 0.4 0.5482404692082111 0.5709016393442623 0.5945254745254744 0.6647900895895549 0.6696589388742438 0.7815778471038497 0.7857670380687953 0.7459986308688973 0.8039742266195746 0.7988682569802114 0.7683243727598565 0.7977061837593147 0.8067360317223631 0.8177256568041619
0.4 0.4 0.4 0.4 0.4 0.6735221674876847 0.46730555995564704 0.6321428571428571 0.6736842105263158 0.6827437446074202 0.7176118663242507 0.7670765027322405 0.792110802437996 0.8336552372956318 0.7909307790912975 0.7494172986991406 0.7062102737595933 0.7234469265570544 0.7204314863299291 0.7566601477618426 0.8388919502227121
0.4 0.4 0.4 0.5307692307692308 0.4 0.40135135135135136 0.6080459770114942 0.6366515837104072 0.5321428571428571 0.5818049863387978 0.6001277119344124 0.6104254201680672 0.6051406220897746 0.6019164410468758 0.6478470431406333 0.7324706471935853 0.7766699935988141 0.7725890615191463 0.7471955128205128 0.7249732905982906 0.7888361528822054
0.4 0.4 0.4 0.4 0.4 0.5522727272727272 0.6615384615384615 0.43823028927963703 0.6147727272727272 0.7581237911025145 0.65906432748538 0.6751408090117768 0.7034632034632035 0.6594091319701076 0.637987012987013 0.7096508761773691 0.6914933882146997 0.7199296031071732 0.7414263631661633 0.8079004329004329 0.8363605877690385
0.4 0.4 0.4 0.4 0.5989669421487603 0.47857142857142865 0.6494949494949495 0.6919354838709677 0.7081097641447183 0.7398103309120259 0.7350928418813656 0.7371420222092344 0.7629670129396756 0.752281352604359 0.7003047045911257 0.6576826970949998 0.6443159411750922 0.618713531536538 0.6167304537998907 0.6725919801570897 0.7629670129396756
0.4 0.5115384615384615 0.4 0.4 0.4 0.4 0.5335095137420719 0.6833147942157953 0.532516339869281 0.5739669421487603 0.6208152402297241 0.6542747533796127 0.7326004282381515 0.8331799690042618 0.8255879059350504 0.7726987278178429 0.7678285979477131 0.8671717171717171 0.8340643274853801 0.8159722222222222 0.8671717171717171
0.4 0.4 0.4 0.4 0.4 0.5274962742175857 0.4739130434782608 0.5413793103448276 0.49736842105263157 0.5824403662374312 0.5898874612720977 0.5925563348269369 0.7087903161081961 0.7358927689457815 0.7608401843203542 0.7058443989404244 0.7582251082251082 0.7391314825525351 0.7309561372189566 0.7149660377629872 0.7665307560656398
0.4 0.4 0.4 0.5019230769230769 0.5272727272727272 0.4938775510204081 0.5416666666666666 0.48749999999999993 0.5680701754385965 0.5721747664570536 0.5979722146229227 0.697191642207122 0.7630864309367796 0.8045899648615129 0.7835885457094199 0.7791118421052632 0.7236634719685568 0.6562028602213733 0.7058643209382913 0.6635651912074676 0.8065116204417051
0.4006711409395973 0.4933333333333333 0.4 0.4 0.5419354838709677 0.4 0.42195121951219516 0.5622881355932203 0.5690541279387643 0.6369679047179793 0.8356684981684982 0.8746678752649804 0.7597726324572383 0.6940738025415445 0.6981743666169896 0.6965607730542435 0.7558403823338528 0.8293626288632223 0.8084877340616617 0.7929465456619915 0.8916529979952615

Class AUC Score:
1.0 0.9481481481481482 0.9377777777777778 0.9977777777777778
1.0 0.9907407407407407 0.9266666666666666 0.9725925925925926
1.0 0.9862962962962962 0.9070370370370371 0.9755555555555556
0.9977777777777779 0.9381481481481482 0.7222222222222222 0.9562962962962963
1.0 0.9688888888888889 0.952962962962963 0.997037037037037
1.0 0.8737037037037038 0.4992592592592593 0.9803703703703704
1.0 0.9203703703703704 0.8914814814814815 0.9762962962962964
0.9992592592592593 0.9203703703703704 0.7722222222222221 0.9955555555555555
0.9981481481481481 0.9722222222222223 0.7692592592592593 0.98
0.9988888888888889 0.977037037037037 0.7214814814814815 0.9751851851851852

Class F1 Score:
0.9830508474576272 0.5631067961165048 0.5 0.9655172413793104
0.967741935483871 0.8679245283018868 0.5625 0.7755102040816326
0.9830508474576272 0.723404255319149 0.5042016806722689 0.8571428571428571
0.9375 0.6373626373626373 0.5979381443298969 0.723404255319149
0.9090909090909091 0.4838709677419355 0.47619047619047616 0.9655172413793104
0.9830508474576272 0.6097560975609756 0.49586776859504134 0.5471698113207547
0.9523809523809523 0.9285714285714286 0.4878048780487805 0.6744186046511628
0.9836065573770492 0.6363636363636364 0.49586776859504134 0.723404255319149
0.9666666666666667 0.8 0.6041666666666666 0.6956521739130435
0.9836065573770492 0.4915254237288136 0.6666666666666666 0.6444444444444445

Os_mode: up, train_mode: 

Test_acc:
0.25 0.25 0.8833333333333333 0.9416666666666667 0.9583333333333334 0.9583333333333334 0.9416666666666667 0.9333333333333333 0.9166666666666666 0.9 0.8666666666666667 0.8666666666666667 0.6916666666666667 0.6833333333333333 0.6833333333333333 0.6833333333333333 0.6833333333333333 0.6833333333333333 0.6833333333333333 0.6833333333333333 0.9583333333333334
0.25 0.25 0.25 0.25 0.25 0.25 0.25 0.25 0.25 0.5 0.8083333333333333 0.9166666666666666 0.95 0.9666666666666667 0.975 0.975 0.9666666666666667 0.9666666666666667 0.9666666666666667 0.9666666666666667 0.975
0.25 0.25 0.25 0.25 0.25 0.25 0.475 0.48333333333333334 0.5916666666666667 0.6583333333333333 0.7 0.7083333333333334 0.7166666666666667 0.725 0.7333333333333333 0.7333333333333333 0.7333333333333333 0.7583333333333333 0.8083333333333333 0.8916666666666667 0.9666666666666667
0.25 0.25 0.25 0.25 0.25 0.25 0.31666666666666665 0.425 0.45 0.65 0.7083333333333334 0.725 0.9 0.95 0.9583333333333334 0.95 0.95 0.9333333333333333 0.925 0.9083333333333333 0.9666666666666667
0.25 0.25 0.25 0.25 0.25 0.4583333333333333 0.6916666666666667 0.75 0.8416666666666667 0.8833333333333333 0.9083333333333333 0.9083333333333333 0.9083333333333333 0.8916666666666667 0.8916666666666667 0.8916666666666667 0.8833333333333333 0.8833333333333333 0.875 0.875 0.9083333333333333
0.25 0.25 0.25 0.25 0.25 0.25 0.4666666666666667 0.48333333333333334 0.55 0.5833333333333334 0.6333333333333333 0.875 0.9 0.925 0.9416666666666667 0.9416666666666667 0.9416666666666667 0.875 0.7416666666666667 0.6833333333333333 0.9416666666666667
0.25 0.25 0.475 0.49166666666666664 0.55 0.7166666666666667 0.7416666666666667 0.7416666666666667 0.7416666666666667 0.75 0.7916666666666666 0.8 0.7833333333333333 0.7416666666666667 0.7416666666666667 0.7416666666666667 0.7416666666666667 0.7416666666666667 0.7416666666666667 0.7416666666666667 0.8
0.25 0.25 0.25 0.25 0.25 0.25 0.4666666666666667 0.525 0.6083333333333333 0.825 0.9083333333333333 0.9583333333333334 0.95 0.9416666666666667 0.925 0.925 0.925 0.9083333333333333 0.9083333333333333 0.9083333333333333 0.9583333333333334
0.25 0.35833333333333334 0.44166666666666665 0.4666666666666667 0.625 0.675 0.7 0.9083333333333333 0.9083333333333333 0.8833333333333333 0.8583333333333333 0.8166666666666667 0.725 0.7166666666666667 0.725 0.725 0.725 0.725 0.725 0.725 0.9166666666666666
0.25 0.25 0.25 0.25 0.25 0.25 0.25 0.25 0.475 0.6416666666666667 0.725 0.7333333333333333 0.7333333333333333 0.7333333333333333 0.7333333333333333 0.875 0.9333333333333333 0.7416666666666667 0.7416666666666667 0.7333333333333333 0.95

Test_auc:
0.7792129629629629 0.9978703703703704 0.9993518518518518 0.9992592592592593 0.9992592592592593 0.9978703703703704 0.9959259259259259 0.995 0.995 0.9940740740740741 0.9884259259259259 0.9780555555555556 0.9675925925925926 0.9485185185185185 0.9312962962962963 0.9275925925925925 0.9235185185185186 0.9194444444444444 0.9162962962962963 0.9158333333333333 0.9994444444444445
0.7622685185185186 0.9955555555555555 0.997037037037037 0.9975925925925926 0.9975925925925926 0.9975925925925926 0.9975925925925926 0.9974074074074074 0.9973148148148148 0.9971296296296296 0.9963888888888889 0.995462962962963 0.9956481481481482 0.9955555555555555 0.9953703703703703 0.9951851851851853 0.9949074074074075 0.9940740740740741 0.9931481481481481 0.9924074074074074 0.9976851851851852
0.7893981481481482 0.9908333333333335 0.9984259259259259 0.9989814814814815 0.9989814814814816 0.9986111111111111 0.9980555555555555 0.9967592592592592 0.9948148148148148 0.9925 0.9881481481481481 0.9828703703703704 0.9764814814814815 0.9737962962962964 0.9686111111111112 0.9623148148148148 0.9573148148148148 0.9541666666666667 0.9510185185185185 0.942962962962963 0.9991666666666666
0.6321759259259259 0.9952777777777778 0.9987037037037038 0.9988888888888889 0.9987962962962964 0.9985185185185186 0.9978703703703704 0.995925925925926 0.9938888888888889 0.9921296296296296 0.9902777777777778 0.9875925925925926 0.980462962962963 0.9767592592592593 0.9742592592592594 0.9694444444444444 0.9673148148148147 0.9643518518518519 0.9630555555555556 0.9618518518518518 0.9989814814814816
0.5609259259259259 0.9736574074074075 0.9948148148148147 0.9968518518518518 0.997962962962963 0.9977777777777778 0.9977777777777778 0.9975925925925926 0.9974999999999999 0.9973148148148149 0.9972222222222222 0.9969444444444444 0.9965740740740741 0.9963888888888889 0.9961111111111112 0.9961111111111111 0.995462962962963 0.9958333333333333 0.995925925925926 0.9960185185185185 0.9980555555555556
0.5960185185185185 0.9841203703703705 0.9885185185185186 0.9892592592592593 0.9919444444444445 0.9929629629629629 0.992962962962963 0.9926851851851852 0.9925925925925926 0.9918518518518519 0.9918518518518519 0.9912962962962963 0.9897222222222222 0.9876851851851851 0.9840740740740741 0.9818518518518519 0.9798148148148148 0.9796296296296296 0.9795370370370371 0.9793518518518518 0.992962962962963
0.5512962962962964 0.9897222222222222 0.9955555555555555 0.9962037037037037 0.9966666666666666 0.9964814814814815 0.9962037037037037 0.9956481481481482 0.9939814814814815 0.9901851851851853 0.9888888888888889 0.9881481481481482 0.9861111111111112 0.982037037037037 0.9786111111111111 0.9773148148148147 0.9771296296296297 0.9767592592592593 0.975925925925926 0.9753703703703703 0.9966666666666666
0.8587037037037037 0.994074074074074 0.9964814814814815 0.9966666666666666 0.9969444444444444 0.9965740740740741 0.9959259259259259 0.9951851851851852 0.9942592592592593 0.9931481481481481 0.9919444444444445 0.9916666666666667 0.991111111111111 0.9906481481481481 0.9902777777777778 0.9902777777777778 0.9899074074074075 0.9897222222222222 0.990462962962963 0.9913888888888889 0.997037037037037
0.7644907407407407 0.9974074074074075 0.9980555555555557 0.9976851851851852 0.9960185185185184 0.9926851851851853 0.9866666666666667 0.985462962962963 0.9841666666666666 0.9831481481481481 0.9780555555555556 0.9736111111111111 0.9696296296296296 0.966574074074074 0.9595370370370371 0.9550925925925926 0.950925925925926 0.9480555555555557 0.9480555555555557 0.9487962962962964 0.9982407407407408
0.5012037037037038 0.9844444444444445 0.9948148148148148 0.9967592592592593 0.9964814814814815 0.9951851851851852 0.9937037037037038 0.9923148148148148 0.9892592592592594 0.9844444444444446 0.9775925925925927 0.9735185185185186 0.9692592592592593 0.9600925925925926 0.9537037037037037 0.9455555555555556 0.9375925925925926 0.9314814814814816 0.9277777777777778 0.9250925925925927 0.9968518518518519

Test_f1:
0.4 0.4 0.4 0.4 0.4 0.40489510489510494 0.47730889799855314 0.5739253904737318 0.5838579499596449 0.5878035281909374 0.6039930011440438 0.7156452359473927 0.7266834901152821 0.7837663748680698 0.7896695402800241 0.8017260727732869 0.801818870784388 0.8110179294389821 0.8481777883951797 0.7961881868131868 0.8691265630920804
0.4 0.4 0.4 0.4 0.4 0.5939393939393939 0.7416040100250627 0.8489476163557566 0.8509037063140845 0.8561405946096138 0.8603084190052792 0.8595921155347385 0.8815076999503229 0.9213289897716127 0.9701731231384937 0.9748541261461516 0.9606429136298544 0.9419567488694878 0.9577367982334274 0.9657945920650474 0.9789453008977589
0.4 0.4 0.42000000000000004 0.5368421052631579 0.4 0.4 0.4 0.4119402985074627 0.5058823529411764 0.7615026585614821 0.7604104579510518 0.7908660759332882 0.7649017075111163 0.7626498478812117 0.8105013253725198 0.8568323752749982 0.8260397180403799 0.8196471650340287 0.8704522299965478 0.810282539568536 0.8704522299965478
0.4 0.4 0.4 0.48750000000000004 0.4 0.5115384615384615 0.6827586206896552 0.6682291666666667 0.6083333333333333 0.6638010540184454 0.7071234876929495 0.7488170319291341 0.8270423360739951 0.8542505881215559 0.8499382729132006 0.8169965942954449 0.8744867655884605 0.8534212784212785 0.8734829635773032 0.8271329365079365 0.8942276241451086
0.4 0.4 0.4 0.5368421052631579 0.5499999999999999 0.5499999999999999 0.5459016393442623 0.5649492583918814 0.5709677419354838 0.5769230769230769 0.6575471586361182 0.7384675558266474 0.79649824280814 0.7950255415518246 0.7997874804320593 0.8213524630786004 0.8187981079969446 0.8977903816613494 0.9085472283418649 0.8976066776700542 0.9183878738963484
0.4 0.48750000000000004 0.4 0.4 0.4 0.4 0.419047619047619 0.46853932584269664 0.6246411483253588 0.5988095238095238 0.7214813421391371 0.7474821874154466 0.8276301474829774 0.8234028996272023 0.7106233480152143 0.8088555313762935 0.922201138519924 0.9292566372938161 0.9246031746031746 0.9116613293759275 0.9415584415584416
0.4 0.4 0.4 0.4 0.4 0.4 0.48085106382978726 0.5421245421245422 0.6031434314145442 0.749697936300807 0.762486317510241 0.8484464530100914 0.8729087542278404 0.8420689019896832 0.8352767783605706 0.8915648108149316 0.8428473741664604 0.8787796948813897 0.8418478766995716 0.8905532198362274 0.9240781240507867
0.4 0.4 0.4 0.4 0.4 0.4 0.5168103448275863 0.669208211143695 0.6582555970149253 0.6470162748643762 0.6373597992916175 0.6268705426133363 0.7095799107404523 0.8500334916575325 0.925314465408805 0.9240733225108225 0.8727268753278545 0.8875363812757701 0.9175760718410446 0.9174276856235961 0.9341072238786622
0.4 0.4 0.4 0.4 0.4 0.5222222222222221 0.5280701754385965 0.5547098402018503 0.5763998410660798 0.6275061594918548 0.7517346015296436 0.7811277621096285 0.7671358341412189 0.7950513075140682 0.8219619749873491 0.7932567005095887 0.8401957274137725 0.824014519855945 0.8002313475997687 0.8311334165453159 0.8499346777153363
0.4 0.4 0.4 0.4 0.4 0.48292682926829267 0.5499999999999999 0.6243847989971323 0.6403534187962199 0.8190769130618755 0.8001182732111176 0.80056430354118 0.8668074977335576 0.81194858792778 0.8063249774634214 0.8458288369055723 0.8201899540169816 0.8394580063934902 0.860117325618772 0.8540835435297714 0.8785087719298246

Class AUC Score:
0.9888888888888889 1.0 0.7307407407407408 0.9922222222222221
0.9992592592592593 0.9996296296296296 0.9859259259259259 0.9962962962962963
0.9996296296296296 0.9840740740740741 0.87 0.9977777777777778
0.9977777777777779 1.0 0.9111111111111111 0.9733333333333334
1.0 0.9974074074074074 0.9896296296296296 0.9974074074074074
1.0 0.9388888888888889 0.9888888888888889 1.0
1.0 1.0 0.9203703703703703 0.9888888888888889
0.9985185185185185 0.9685185185185186 0.9955555555555555 0.9988888888888889
0.9825925925925927 0.9881481481481481 0.8733333333333334 0.9785185185185185
0.9988888888888889 1.0 0.8166666666666667 0.9700000000000001

Class F1 Score:
0.9655172413793104 0.8955223880597015 0.631578947368421 0.7228915662650602
0.9836065573770492 0.9830508474576272 0.9655172413793104 0.9836065573770492
0.9836065573770492 0.9090909090909091 0.6060606060606061 0.9285714285714286
0.9666666666666667 0.9655172413793104 0.6444444444444445 0.691358024691358
0.8888888888888888 0.9491525423728814 0.5 0.9473684210526315
1.0 0.8888888888888888 0.631578947368421 0.6521739130434783
1.0 0.9830508474576272 0.6521739130434783 0.8727272727272727
0.9523809523809523 0.9285714285714286 0.90625 0.9090909090909091
0.9122807017543859 0.9473684210526315 0.6060606060606061 0.7160493827160493
0.9666666666666667 0.9655172413793104 0.6451612903225806 0.8571428571428571

Os_mode: smote, train_mode: 

Test_acc:
0.25 0.25 0.25 0.49166666666666664 0.5 0.49166666666666664 0.49166666666666664 0.49166666666666664 0.625 0.6666666666666666 0.675 0.675 0.675 0.675 0.675 0.675 0.675 0.675 0.675 0.675 0.675
0.25 0.25 0.25 0.25 0.25 0.25 0.25 0.25 0.25 0.4583333333333333 0.4583333333333333 0.6 0.6666666666666666 0.7 0.7166666666666667 0.7166666666666667 0.8416666666666667 0.9166666666666666 0.9333333333333333 0.925 0.9416666666666667
0.25 0.25 0.25 0.25 0.25 0.25 0.44166666666666665 0.475 0.5916666666666667 0.7 0.7166666666666667 0.7166666666666667 0.7166666666666667 0.725 0.725 0.6833333333333333 0.6666666666666666 0.55 0.5 0.5 0.7333333333333333
0.25 0.25 0.25 0.25 0.25 0.25 0.25 0.4666666666666667 0.48333333333333334 0.6583333333333333 0.6833333333333333 0.7 0.7083333333333334 0.7083333333333334 0.7083333333333334 0.7083333333333334 0.7083333333333334 0.7166666666666667 0.7166666666666667 0.7166666666666667 0.7333333333333333
0.25 0.25 0.25 0.25 0.25 0.25 0.25 0.25 0.43333333333333335 0.45 0.4583333333333333 0.475 0.5333333333333333 0.6416666666666667 0.65 0.65 0.6583333333333333 0.6583333333333333 0.6666666666666666 0.6916666666666667 0.6916666666666667
0.25 0.25 0.25 0.25 0.25 0.25 0.49166666666666664 0.5 0.5 0.6083333333333333 0.7 0.7 0.7083333333333334 0.7166666666666667 0.5083333333333333 0.48333333333333334 0.48333333333333334 0.48333333333333334 0.48333333333333334 0.48333333333333334 0.7333333333333333
0.25 0.25 0.25 0.25 0.3416666666666667 0.625 0.725 0.9416666666666667 0.9416666666666667 0.925 0.9166666666666666 0.9083333333333333 0.9083333333333333 0.9 0.8916666666666667 0.8833333333333333 0.8833333333333333 0.8833333333333333 0.8833333333333333 0.875 0.9583333333333334
0.25 0.25 0.25 0.25 0.25 0.25 0.25 0.25 0.4583333333333333 0.48333333333333334 0.625 0.6666666666666666 0.6916666666666667 0.7083333333333334 0.7166666666666667 0.7666666666666667 0.8833333333333333 0.9333333333333333 0.9333333333333333 0.9166666666666666 0.9333333333333333
0.25 0.25 0.25 0.25 0.4083333333333333 0.4583333333333333 0.475 0.6666666666666666 0.7166666666666667 0.7166666666666667 0.8083333333333333 0.8833333333333333 0.85 0.7916666666666666 0.7166666666666667 0.7166666666666667 0.7166666666666667 0.7083333333333334 0.7166666666666667 0.725 0.8916666666666667
0.25 0.25 0.25 0.25 0.25 0.25 0.25 0.25 0.475 0.475 0.475 0.49166666666666664 0.6166666666666667 0.6916666666666667 0.7 0.7 0.7083333333333334 0.7083333333333334 0.7083333333333334 0.7083333333333334 0.7083333333333334

Test_auc:
0.8023148148148148 0.992962962962963 0.999537037037037 0.9998148148148148 0.9997222222222222 0.9996296296296296 0.9994444444444445 0.9975 0.997037037037037 0.9943518518518518 0.9847222222222223 0.9752777777777778 0.9689814814814814 0.9479629629629629 0.9339814814814815 0.9275 0.9255555555555556 0.9224074074074075 0.918888888888889 0.9171296296296296 0.9998148148148148
0.4081018518518518 0.9892592592592593 0.9955555555555555 0.9952777777777777 0.9950000000000001 0.994537037037037 0.9925925925925926 0.9916666666666667 0.9914814814814814 0.990925925925926 0.9898148148148148 0.9874074074074075 0.9860185185185186 0.9846296296296296 0.9812962962962962 0.9797222222222222 0.9783333333333333 0.9783333333333333 0.9752777777777777 0.9704629629629629 0.9955555555555555
0.827962962962963 0.9939814814814814 0.9969444444444445 0.9982407407407408 0.9987037037037038 0.9984259259259258 0.9976851851851851 0.9958333333333333 0.9937962962962963 0.9898148148148148 0.9852777777777777 0.9802777777777777 0.9784259259259259 0.9758333333333333 0.9740740740740741 0.9721296296296296 0.9702777777777778 0.9667592592592592 0.9652777777777778 0.9616666666666667 0.9987037037037038
0.36930555555555555 0.9678703703703704 0.9896296296296296 0.9929629629629629 0.9941666666666668 0.9931481481481482 0.9904629629629629 0.9876851851851852 0.9834259259259259 0.9784259259259259 0.975462962962963 0.969537037037037 0.9617592592592592 0.955925925925926 0.945462962962963 0.9328703703703703 0.926574074074074 0.9219444444444445 0.9200925925925926 0.9187037037037038 0.9942592592592594
0.7342592592592592 0.9891666666666667 0.9950925925925925 0.9966666666666666 0.9974074074074074 0.9975 0.9972222222222222 0.9962962962962962 0.995462962962963 0.9951851851851852 0.9950925925925926 0.9947222222222222 0.9944444444444445 0.9916666666666666 0.9891666666666666 0.9831481481481481 0.9744444444444444 0.9648148148148148 0.9568518518518518 0.9506481481481481 0.9975
0.5991666666666667 0.9807407407407408 0.9960185185185184 0.9978703703703703 0.9981481481481482 0.9981481481481482 0.9981481481481482 0.9972222222222222 0.996388888888889 0.9956481481481481 0.9950925925925926 0.990925925925926 0.9844444444444445 0.981574074074074 0.9794444444444443 0.9771296296296297 0.9708333333333333 0.9610648148148148 0.9537962962962963 0.9467592592592593 0.9982407407407408
0.5053240740740741 0.9862037037037037 0.9948148148148148 0.996388888888889 0.9959259259259259 0.9949074074074074 0.9932407407407408 0.9903703703703703 0.9879629629629629 0.9855555555555555 0.9814814814814814 0.9772222222222222 0.9749074074074074 0.9737037037037037 0.9708333333333333 0.969537037037037 0.9672222222222222 0.965462962962963 0.9650000000000001 0.9634259259259259 0.9964814814814815
0.5727777777777777 0.981111111111111 0.994074074074074 0.9952777777777777 0.9952777777777778 0.9952777777777778 0.9949074074074074 0.9942592592592593 0.9925925925925926 0.9900925925925925 0.9877777777777778 0.9842592592592593 0.9810185185185185 0.9778703703703704 0.9759259259259259 0.9728703703703704 0.9678703703703704 0.9641666666666666 0.9598148148148149 0.9560185185185185 0.995462962962963
0.31745370370370374 0.9688888888888889 0.994537037037037 0.9957407407407407 0.9937037037037038 0.9914814814814815 0.9898148148148149 0.9879629629629629 0.9820370370370369 0.9760185185185185 0.9702777777777778 0.964537037037037 0.9556481481481482 0.9502777777777778 0.9439814814814814 0.9412962962962963 0.9375925925925926 0.9325 0.9264814814814815 0.9224074074074076 0.9957407407407407
0.5623148148148148 0.9878703703703704 0.9937037037037038 0.995 0.9953703703703703 0.9948148148148148 0.9940740740740741 0.9935185185185185 0.9928703703703704 0.9906481481481482 0.9884259259259258 0.985925925925926 0.9836111111111112 0.9799074074074074 0.9768518518518519 0.9747222222222223 0.9737037037037037 0.970925925925926 0.9673148148148147 0.9650000000000001 0.995462962962963

Test_f1:
0.4 0.4 0.4 0.4 0.4 0.4 0.4 0.4 0.4938775510204081 0.6231059673315275 0.6973675924880871 0.7522286975196991 0.651752318848332 0.6525963154193218 0.6961379103373249 0.8175909427701067 0.79424567544171 0.8242349340866291 0.8017382621968994 0.8294160063610748 0.8836333158367057
0.4 0.4 0.4 0.4 0.4 0.5272727272727272 0.5796992481203007 0.6932804423608606 0.7524756189047261 0.6950757575757576 0.6871766674635429 0.6822977346278316 0.6697314781992201 0.8421401169163317 0.8510807698868723 0.8661241610617374 0.8757981771528398 0.8231903506860665 0.8823059676567372 0.8637182232625411 0.9121744839829529
0.4 0.4 0.6243421052631578 0.5457627118644067 0.5499999999999999 0.7129502118644068 0.6315256875973015 0.5949020391843263 0.5906647510487331 0.6060493664333485 0.696198911653497 0.8350928418813656 0.7715814969045033 0.665725407528037 0.7604484391731787 0.7653705550016616 0.9143786962698648 0.8140001659647739 0.811951233616384 0.8755345416142972 0.9143786962698648
0.4 0.4 0.4239669421487604 0.4 0.4 0.6331550802139038 0.6207018583731391 0.6259241854636591 0.6662878787878788 0.6655776515151515 0.668407496895869 0.7634705719812103 0.7517138214056847 0.7540608180522677 0.7545769142420876 0.784405374499714 0.7932185781869326 0.8012328534918897 0.8166772700983227 0.8065832824328576 0.8515224079879252
0.3903614457831325 0.4 0.4 0.4 0.4 0.4 0.4 0.444047619047619 0.4912486064659978 0.7233399383849926 0.8252255192672273 0.8144990199469618 0.8635630498533724 0.848330747311867 0.7473024903187574 0.8205341201993169 0.7817564605707716 0.8313520729074538 0.8262626336467834 0.8253389883265864 0.8641006842619746
0.4 0.4 0.5222222222222221 0.4 0.5272727272727272 0.6676034348165496 0.45211748633879784 0.5669984387197502 0.5971413087657499 0.6112478918378502 0.6112478918378502 0.6112478918378502 0.6941794251068956 0.695067491063968 0.6937135315365379 0.619800488058277 0.6143301300169588 0.618713531536538 0.618713531536538 0.7864498728047322 0.8292351413824768
0.4 0.4 0.4 0.4 0.4 0.4 0.5457627118644067 0.5457627118644067 0.5513513513513514 0.5719512195121951 0.7420908037152448 0.7627958836930919 0.8030837534748317 0.87334172063945 0.8820415572918509 0.8350909865859399 0.8291455672241432 0.8272047471423234 0.8728723436213868 0.8317878079987926 0.8937876516370543
0.4 0.4 0.4 0.4 0.4188328912466843 0.6792236194641881 0.7387527280663466 0.6916122205991235 0.6720799107404524 0.6724213879100027 0.7164535515845223 0.7278575603239543 0.7317362486854012 0.6709367737292997 0.8142156862745098 0.8055762401191431 0.8610479343722273 0.8433890889343492 0.8065343991429698 0.8559171151923525 0.8658377501129875
0.4 0.4 0.4 0.4 0.4 0.4 0.4 0.5272727272727272 0.5551876617773943 0.6075693249920568 0.6098670957321296 0.7080061780543846 0.7350293376541225 0.7436544793355939 0.772397080039169 0.7416863907835353 0.7692228406514121 0.7334516624672722 0.7374999999999999 0.7837254208025048 0.8046448087431695
0.4 0.4 0.4 0.4 0.4 0.40273972602739727 0.44509803921568625 0.47721001532958607 0.6161908030199039 0.6208002820377225 0.6277697503883249 0.7117704116059379 0.6746495948840001 0.7684358061739596 0.8762198173941559 0.8126339919927676 0.8605901824107152 0.8215593249521049 0.8808588756347201 0.8925111406255555 0.8974918126445861

Class AUC Score:
0.9911111111111112 1.0 0.7240740740740741 0.9959259259259259
1.0 1.0 0.9466666666666668 0.9733333333333333
1.0 0.9992592592592593 0.9311111111111111 0.9596296296296296
0.9874074074074074 1.0 0.7948148148148148 0.9555555555555555
1.0 0.98 0.9577777777777777 0.9966666666666667
1.0 0.972962962962963 0.9437037037037037 0.9940740740740741
1.0 0.9996296296296296 0.8933333333333333 0.9855555555555555
0.9977777777777778 0.9959259259259259 0.9151851851851851 0.9837037037037037
0.9607407407407408 0.9114814814814814 0.914074074074074 0.9796296296296296
0.9988888888888889 0.997037037037037 0.9251851851851852 0.9774074074074074

Class F1 Score:
0.9830508474576272 0.8461538461538461 0.6363636363636364 0.9830508474576272
0.9836065573770492 0.9830508474576272 0.7755102040816326 0.6590909090909091
0.9830508474576272 0.8 0.6122448979591837 0.6744186046511628
0.9508196721311475 0.8679245283018868 0.6352941176470588 0.6363636363636364
0.8888888888888888 0.8235294117647058 0.6590909090909091 0.9333333333333333
0.9830508474576272 0.5631067961165048 0.5 0.4918032786885246
0.9830508474576272 0.9523809523809523 0.651685393258427 0.7733333333333333
0.9523809523809523 0.9090909090909091 0.611764705882353 0.6976744186046512
0.9122807017543859 0.6818181818181818 0.6 0.7272727272727273
0.9666666666666667 0.9655172413793104 0.6666666666666666 0.651685393258427

Os_mode: reweight, train_mode: 

Test_acc:
0.25 0.25 0.25 0.25 0.25 0.25 0.25 0.25 0.25 0.25 0.44166666666666665 0.49166666666666664 0.25 0.25 0.25 0.25 0.25 0.25 0.2833333333333333 0.4083333333333333 0.5
0.25 0.25 0.25 0.25 0.25 0.5 0.4166666666666667 0.25 0.25 0.25 0.25 0.25 0.25 0.25 0.25 0.25 0.25 0.25 0.375 0.4583333333333333 0.5
0.25 0.25 0.25 0.25 0.25 0.25 0.49166666666666664 0.6666666666666666 0.31666666666666665 0.25 0.25 0.25 0.25 0.25 0.25 0.25 0.25 0.25 0.25 0.25 0.7333333333333333
0.25 0.25 0.25 0.25 0.25 0.25 0.25 0.25 0.25 0.25 0.25 0.25 0.25 0.25 0.25 0.25 0.25 0.25 0.25 0.25 0.25
0.25 0.25 0.475 0.25 0.25 0.25 0.25 0.25 0.25 0.25 0.25 0.25 0.25 0.25 0.25 0.25 0.25 0.25 0.25 0.25 0.48333333333333334
0.25 0.25 0.25 0.25 0.25 0.25 0.25 0.25 0.7083333333333334 0.6833333333333333 0.5833333333333334 0.4166666666666667 0.25 0.25 0.25 0.25 0.25 0.25 0.25 0.25 0.7166666666666667
0.25 0.25 0.25 0.25 0.25 0.25 0.25 0.25 0.25 0.25 0.25 0.25 0.25 0.25 0.25 0.25 0.25 0.25 0.25 0.25 0.25
0.25 0.25 0.25 0.25 0.5 0.25 0.25 0.25 0.25 0.25 0.25 0.25 0.25 0.25 0.25 0.25 0.25 0.25 0.25 0.25 0.5
0.4 0.25 0.25 0.25 0.25 0.25 0.25 0.25 0.25 0.25 0.25 0.25 0.25 0.25 0.25 0.25 0.25 0.25 0.25 0.25 0.4
0.25 0.25 0.25 0.25 0.25 0.25 0.25 0.25 0.25 0.25 0.25 0.25 0.25 0.25 0.25 0.25 0.25 0.25 0.25 0.25 0.25

Test_auc:
0.868101851851852 0.9967592592592592 0.9994444444444445 0.999537037037037 0.9996296296296296 0.9998148148148148 0.9999074074074075 0.9980555555555556 0.9972222222222222 0.9968518518518519 0.995 0.9907407407407407 0.984537037037037 0.9787037037037036 0.9764814814814815 0.9734259259259259 0.9673148148148147 0.9591666666666667 0.9545370370370371 0.9547222222222222 0.9999074074074075
0.502361111111111 0.989074074074074 0.9968518518518519 0.9975 0.9975 0.9959259259259259 0.9936111111111111 0.991851851851852 0.9872222222222222 0.9819444444444445 0.9732407407407407 0.9625 0.9524074074074074 0.9436111111111111 0.9362037037037036 0.9299074074074074 0.9262037037037036 0.922962962962963 0.9239814814814814 0.9274074074074075 0.9977777777777779
0.4609722222222222 0.9712500000000001 0.9970370370370369 0.9987037037037036 0.9988888888888889 0.9988888888888888 0.9988888888888889 0.9983333333333333 0.9962037037037037 0.9941666666666666 0.9917592592592592 0.9879629629629629 0.9740740740740741 0.9541666666666667 0.9441666666666667 0.9372222222222222 0.927037037037037 0.9143518518518519 0.9069444444444444 0.9090740740740741 0.9989814814814815
0.41995370370370366 0.9943518518518519 0.997037037037037 0.9981481481481481 0.9969444444444444 0.9962962962962963 0.995462962962963 0.9922222222222221 0.9886111111111111 0.9858333333333333 0.9773148148148149 0.9689814814814814 0.9637037037037037 0.9592592592592593 0.9548148148148149 0.9487037037037037 0.9407407407407408 0.9344444444444445 0.9305555555555557 0.9289814814814815 0.9981481481481481
0.643425925925926 0.9908796296296296 0.9985185185185186 0.9984259259259259 0.9985185185185185 0.9983333333333334 0.9962037037037037 0.9953703703703703 0.9932407407407408 0.9887037037037038 0.9793518518518518 0.9719444444444445 0.9693518518518519 0.9675925925925927 0.9643518518518519 0.9564814814814815 0.9491666666666667 0.9414814814814816 0.9380555555555554 0.9338888888888888 0.9986111111111111
0.9040740740740741 0.9850925925925926 0.9913888888888889 0.9928703703703703 0.9933333333333333 0.9927777777777778 0.9925925925925927 0.9906481481481482 0.9885185185185186 0.9863888888888889 0.9852777777777778 0.9813888888888889 0.9768518518518519 0.9725925925925927 0.965462962962963 0.9537962962962964 0.9312962962962963 0.9151851851851852 0.9020370370370371 0.8921296296296297 0.9938888888888889
0.4448148148148148 0.992037037037037 0.9974074074074075 0.9978703703703704 0.9977777777777777 0.9975 0.9948148148148148 0.9944444444444445 0.9943518518518519 0.9887962962962963 0.9879629629629629 0.9852777777777777 0.9792592592592593 0.9733333333333332 0.9657407407407408 0.955648148148148 0.9456481481481482 0.9285185185185185 0.9210185185185186 0.9207407407407409 0.997962962962963
0.8379166666666666 0.9861111111111112 0.9913888888888889 0.9938888888888888 0.9956481481481482 0.9967592592592592 0.9975925925925926 0.9987037037037036 0.9984259259259259 0.9982407407407408 0.9957407407407407 0.9959259259259259 0.9937037037037036 0.9921296296296296 0.9862962962962962 0.984537037037037 0.981388888888889 0.9796296296296296 0.9767592592592593 0.9719444444444444 0.9987037037037038
0.6120833333333333 0.9662037037037037 0.9930555555555556 0.9963888888888889 0.9968518518518519 0.9952777777777779 0.9938888888888888 0.9897222222222222 0.9837962962962963 0.9782407407407407 0.9681481481481482 0.9652777777777778 0.9602777777777778 0.9550925925925926 0.9487037037037036 0.9418518518518519 0.9380555555555555 0.9319444444444445 0.9276851851851853 0.9227777777777778 0.9969444444444444
0.6408333333333334 0.9907407407407407 0.9968518518518518 0.9978703703703703 0.9978703703703703 0.9977777777777779 0.9975 0.9950925925925926 0.9896296296296296 0.9877777777777779 0.9851851851851852 0.9798148148148149 0.9716666666666667 0.9643518518518519 0.9512962962962963 0.9325925925925926 0.9136111111111112 0.9133333333333334 0.9140740740740741 0.9154629629629629 0.9980555555555556

Test_f1:
0.40791366906474824 0.519298245614035 0.4 0.4 0.4 0.4 0.6036574487065121 0.5377766599597585 0.5222222222222221 0.7201406120760959 0.6463598901098901 0.9007690540239122 0.7844196033851206 0.7571049400548895 0.742000796157037 0.7494118263580543 0.7994867655884604 0.7906471315889462 0.7774519387422613 0.818697175840033 0.9559523809523809
0.4 0.4 0.5338709677419355 0.5272727272727272 0.4229508196721311 0.4 0.5280701754385966 0.541777520724889 0.5979037952338924 0.73502500077965 0.7192182817182817 0.8157675657675658 0.7903632412560984 0.7789214609866784 0.7818607422540006 0.7551857315549 0.8078801598326216 0.7687251490336616 0.7851797520128144 0.7525837020898637 0.836554228844039
0.4 0.4 0.4 0.4 0.41450381679389314 0.6397791903646705 0.5368421052631579 0.4590909090909091 0.5164179104477612 0.6074404761904761 0.6315018315018315 0.718231453378571 0.736731941772693 0.670210970464135 0.6678860523038604 0.7376544804662115 0.7346011039466924 0.7268107559869573 0.7328613782996143 0.7451039754157063 0.808982075757505
0.4 0.4 0.4 0.4442307692307692 0.6375 0.43138297872340425 0.4 0.4 0.5674524400330853 0.5766391452161244 0.7769795627426541 0.7886549558267476 0.7102169343739474 0.7373300293771575 0.7649753845429063 0.7592282581061246 0.7607786082993704 0.7555741130893482 0.7088912558328262 0.7981541276763369 0.8086903517938001
0.4 0.4 0.4 0.5115384615384615 0.44705882352941173 0.4 0.5169811320754717 0.6451754385964912 0.5118939883645766 0.5808732228223753 0.7016390382317802 0.6982355741508093 0.7310861107993865 0.7459788598498276 0.8008965607506746 0.8481830513314771 0.8365789037920186 0.8375994919510089 0.8018188057652711 0.8388955780782767 0.8551147534198382
0.4 0.4 0.4 0.43274336283185844 0.4 0.6735221674876847 0.5380952380952382 0.4229508196721312 0.4 0.55 0.6364127033792241 0.7832421340629274 0.8491700632051509 0.8920449529459541 0.844106750104734 0.8489892380200963 0.8358462495003774 0.8228669445704371 0.7956794452236248 0.8378399378399377 0.8959223775717183
0.4 0.42195121951219516 0.6464285714285715 0.5 0.412781954887218 0.4 0.5258064516129033 0.522742474916388 0.5457627118644067 0.7063273993808049 0.6081076085952066 0.6387513641463902 0.6692391407711082 0.8181909425469145 0.8229468599033816 0.8702744765138652 0.8483211233211233 0.8141104414075134 0.8130168280303396 0.8430462629381826 0.8736700622524052
0.4 0.4 0.4 0.4 0.4209677419354839 0.5321428571428571 0.5272727272727273 0.6133572567783094 0.5577586206896552 0.5923895253682487 0.6553468670076726 0.6577973546356091 0.7316333736884584 0.7968657397552501 0.8413338689707858 0.8360356067261945 0.7891239179266737 0.8552236845168607 0.8552057697566311 0.8522335901646247 0.8840874811463046
0.4 0.4 0.48749999999999993 0.4744186046511628 0.4 0.4612903225806452 0.5058823529411764 0.6189463019250254 0.632784425983582 0.6961976168161735 0.7305522493492419 0.7360326399520465 0.6636903161888378 0.6502584487545733 0.791322889072743 0.7261308426386521 0.7243919316477305 0.7986315101448956 0.7429084152702764 0.8194533792721987 0.8344482913529758
0.4 0.4 0.4 0.5419354838709677 0.4812903225806452 0.4239669421487604 0.4 0.4 0.5987061325771004 0.5702113593497832 0.7364035087719298 0.7471837284027583 0.7662375843593137 0.7873269837686565 0.8222070555095522 0.7831142434429883 0.7962176034128641 0.7880130577790235 0.7883553335897387 0.8506639609634165 0.8623095574358526

Class AUC Score:
0.9796296296296297 0.9266666666666666 0.9877777777777779 0.9996296296296296
0.9555555555555555 0.8544444444444443 0.9374074074074075 0.9733333333333334
0.9744444444444444 0.8992592592592592 0.9081481481481481 0.9681481481481482
0.9607407407407407 0.9081481481481481 0.954814814814815 0.9729629629629629
0.9633333333333334 0.8814814814814815 0.9862962962962963 0.9974074074074074
0.9814814814814814 0.8522222222222222 0.9866666666666667 1.0
0.9940740740740741 0.8533333333333333 0.9837037037037037 0.9933333333333334
0.9892592592592593 0.9551851851851851 0.997037037037037 0.9977777777777778
0.9555555555555555 0.8607407407407408 0.9633333333333334 0.9918518518518519
0.9722222222222221 0.827037037037037 0.9574074074074075 0.9870370370370372

Class F1 Score:
0.8888888888888888 0.6666666666666666 0.6590909090909091 0.75
0.9090909090909091 0.6444444444444445 0.627906976744186 0.7272727272727273
0.7714285714285715 0.651685393258427 0.6593406593406593 0.6835443037974683
0.8301886792452831 0.6436781609195402 0.6741573033707865 0.8235294117647058
0.8888888888888888 0.6521739130434783 0.9310344827586207 0.9354838709677419
0.9285714285714286 0.6352941176470588 0.8484848484848485 1.0
0.9666666666666667 0.625 0.9354838709677419 0.9473684210526315
0.75 0.8524590163934426 0.8108108108108109 0.9523809523809523
0.6842105263157895 0.6352941176470588 0.651685393258427 0.9333333333333333
0.9310344827586207 0.6593406593406593 0.6741573033707865 0.8235294117647058

Os_mode: embed_sm, train_mode: 

Test_acc:
0.25 0.25 0.25 0.25 0.25 0.25 0.25 0.475 0.49166666666666664 0.5 0.5 0.49166666666666664 0.49166666666666664 0.49166666666666664 0.49166666666666664 0.49166666666666664 0.49166666666666664 0.65 0.7416666666666667 0.6 0.7416666666666667
0.25 0.35833333333333334 0.25 0.25 0.25 0.25 0.25 0.25 0.25 0.25 0.25 0.25 0.4583333333333333 0.49166666666666664 0.5583333333333333 0.6166666666666667 0.6166666666666667 0.6166666666666667 0.6166666666666667 0.6166666666666667 0.7333333333333333
0.25 0.25 0.25 0.25 0.25 0.25 0.25 0.25 0.25 0.25 0.25 0.25 0.25 0.25 0.25 0.25 0.25 0.25 0.45 0.4666666666666667 0.48333333333333334
0.25 0.25 0.49166666666666664 0.25 0.25 0.25 0.25 0.25 0.25 0.25 0.25 0.25 0.25 0.25 0.25 0.4166666666666667 0.4583333333333333 0.48333333333333334 0.48333333333333334 0.48333333333333334 0.49166666666666664
0.25 0.25 0.25 0.25 0.25 0.25 0.25 0.25 0.25 0.25 0.25 0.25 0.25 0.25 0.25 0.25 0.25 0.25 0.3416666666666667 0.6583333333333333 0.8416666666666667
0.25 0.25 0.25 0.25 0.25 0.25 0.25 0.475 0.5833333333333334 0.7416666666666667 0.6833333333333333 0.6083333333333333 0.575 0.5583333333333333 0.5 0.5 0.5 0.5 0.5 0.5 0.75
0.25 0.25 0.25 0.25 0.25 0.25 0.25 0.25 0.5 0.49166666666666664 0.48333333333333334 0.4666666666666667 0.275 0.25 0.25 0.25 0.26666666666666666 0.3333333333333333 0.4666666666666667 0.48333333333333334 0.5
0.25 0.43333333333333335 0.25 0.25 0.25 0.25 0.25 0.4166666666666667 0.48333333333333334 0.49166666666666664 0.275 0.25 0.25 0.25 0.25 0.3416666666666667 0.45 0.5416666666666666 0.6333333333333333 0.6333333333333333 0.6583333333333333
0.25 0.25 0.25 0.25 0.25 0.25 0.25 0.25 0.25 0.25 0.25 0.25 0.25 0.25 0.25 0.35833333333333334 0.48333333333333334 0.49166666666666664 0.49166666666666664 0.49166666666666664 0.5
0.25 0.425 0.3416666666666667 0.26666666666666666 0.25833333333333336 0.5 0.49166666666666664 0.4583333333333333 0.38333333333333336 0.30833333333333335 0.3333333333333333 0.38333333333333336 0.4583333333333333 0.475 0.49166666666666664 0.49166666666666664 0.49166666666666664 0.49166666666666664 0.49166666666666664 0.49166666666666664 0.5

Test_auc:
0.4327777777777778 0.9688888888888889 0.9976851851851851 0.9999074074074075 0.9999074074074075 0.9999074074074075 0.9998148148148148 0.9998148148148148 0.9997222222222222 0.9993518518518518 0.9986111111111111 0.995462962962963 0.9885185185185186 0.9787962962962964 0.9702777777777778 0.9579629629629629 0.9500000000000001 0.9340740740740742 0.9142592592592593 0.9030555555555555 0.9999074074074075
0.7669907407407408 0.9934259259259259 0.9978703703703703 0.9977777777777778 0.9974074074074073 0.997037037037037 0.9957407407407407 0.9937037037037036 0.9929629629629629 0.9921296296296296 0.9916666666666667 0.9912037037037036 0.9897222222222222 0.987037037037037 0.9822222222222222 0.9797222222222222 0.9754629629629629 0.9735185185185184 0.9732407407407407 0.9716666666666667 0.9979629629629629
0.5377777777777778 0.9771296296296297 0.9986111111111111 0.9992592592592593 0.9991666666666666 0.9991666666666666 0.9985185185185185 0.9977777777777778 0.9949074074074074 0.9872222222222222 0.9737962962962963 0.9664814814814815 0.9578703703703704 0.9469444444444444 0.934537037037037 0.9246296296296296 0.9128703703703704 0.9022222222222223 0.8914814814814815 0.8816203703703703 0.9992592592592593
0.5127314814814814 0.9668518518518519 0.9926851851851852 0.9935185185185185 0.993611111111111 0.9910185185185186 0.9879629629629629 0.9869444444444444 0.9866666666666666 0.9855555555555555 0.9765277777777778 0.9644444444444444 0.9585185185185185 0.9536111111111111 0.9420370370370371 0.9203703703703704 0.908425925925926 0.8970370370370371 0.8879629629629631 0.8830555555555556 0.9939814814814815
0.7709722222222223 0.9889814814814816 0.9962962962962962 0.9975925925925926 0.9978703703703704 0.9974074074074074 0.9966666666666667 0.9950925925925926 0.9902777777777778 0.9879629629629629 0.9840740740740741 0.9772222222222222 0.9644444444444444 0.9483333333333334 0.9372222222222222 0.9328703703703703 0.9291666666666667 0.9269444444444445 0.9258333333333333 0.9251851851851851 0.9980555555555556
0.7403240740740741 0.9639814814814814 0.9867592592592593 0.9889814814814815 0.9894444444444445 0.9877777777777778 0.987037037037037 0.986111111111111 0.9852777777777777 0.9819444444444444 0.974537037037037 0.962037037037037 0.9516666666666667 0.9425000000000001 0.9308333333333333 0.9087962962962963 0.8793518518518518 0.8405555555555555 0.7986111111111112 0.7819444444444444 0.9894444444444445
0.6033796296296297 0.9843055555555555 0.9973148148148148 0.9978703703703704 0.9980555555555556 0.9978703703703704 0.9975925925925926 0.9970370370370369 0.9939814814814815 0.9817592592592592 0.9701851851851853 0.9584259259259258 0.9424074074074074 0.9324074074074075 0.9102777777777779 0.8860185185185185 0.8593518518518518 0.8458333333333333 0.835 0.8257407407407408 0.9980555555555556
0.29379629629629633 0.9675925925925926 0.986388888888889 0.9888888888888889 0.9876851851851851 0.9871296296296297 0.9852777777777779 0.9842592592592594 0.9829629629629629 0.9796296296296296 0.9762037037037038 0.9727777777777777 0.9608333333333334 0.9504629629629628 0.9389814814814815 0.9223148148148148 0.9025000000000001 0.8862037037037037 0.8690740740740741 0.8530555555555557 0.9888888888888889
0.5315740740740742 0.9475 0.986388888888889 0.9908333333333332 0.9915740740740742 0.9898148148148149 0.988425925925926 0.9867592592592593 0.985462962962963 0.9840740740740741 0.9827777777777778 0.9797222222222222 0.9724074074074074 0.9588888888888888 0.938425925925926 0.9192592592592593 0.9046296296296297 0.8970370370370371 0.8908333333333334 0.8855555555555557 0.9915740740740742
0.6755092592592593 0.9766666666666667 0.9928703703703705 0.9925925925925926 0.9912037037037037 0.9890740740740741 0.9885185185185186 0.9883333333333334 0.9877777777777779 0.9871296296296297 0.983888888888889 0.9804629629629629 0.9779629629629629 0.9745370370370371 0.9680555555555556 0.96 0.9471296296296297 0.9207407407407409 0.8987037037037037 0.8755555555555555 0.9937962962962963

Test_f1:
0.4 0.4 0.5343749999999999 0.4 0.4 0.42500000000000004 0.4 0.4938775510204081 0.5272727272727272 0.5413793103448276 0.6860951703071014 0.7167304537998906 0.6572783132115558 0.6340993507237918 0.6128741879250776 0.6156647510487331 0.6165783935089655 0.6146005509641873 0.612978817713495 0.732191014777681 0.7362821895292883
0.4 0.4 0.4 0.4 0.4 0.44150943396226416 0.673035439137134 0.6830459770114943 0.6731743666169895 0.682882771419734 0.6881238615664845 0.6931743666169895 0.6951255861291846 0.7822979600240961 0.8336454832841408 0.9048401478431123 0.8789524868018894 0.8114502534865582 0.7819360210199477 0.7744424809682682 0.9245560562777935
0.4 0.4 0.4 0.4 0.4 0.4 0.4666666666666667 0.6307196562835661 0.6558823529411764 0.6881238615664845 0.6966350301984469 0.7286552372956319 0.7019035609958254 0.7048351434978141 0.6604878308276547 0.6517758621598442 0.6265487922915861 0.6199069138327422 0.6231607243916242 0.7308145274761153 0.8060707041437264
0.4 0.4 0.4 0.4 0.5301587301587302 0.4 0.4 0.4 0.4341463414634147 0.5578098471986418 0.5819126785828689 0.5954326161620106 0.6000580960258379 0.599975485002223 0.5998530659547608 0.6208791208791209 0.6839043309631545 0.6946886446886447 0.7389408975686149 0.7266393736981972 0.749314872978451
0.4 0.4 0.4 0.4 0.4 0.4 0.42000000000000004 0.6282487377092745 0.6827586206896551 0.6558823529411765 0.6222222222222222 0.6368421052631579 0.6593800774903137 0.6691734417344173 0.7793650793650794 0.7985221674876848 0.801784091558182 0.8136990850059033 0.8112964372957711 0.6948632050149917 0.8226298701298702
0.4 0.4 0.4 0.4 0.48085106382978726 0.5385416666666667 0.4229508196721311 0.42500000000000004 0.5663793103448276 0.571813132032474 0.5581932773109244 0.6093652143838626 0.6166643512086691 0.615346252493588 0.6129502118644068 0.6143301300169588 0.6143301300169588 0.6386198547215496 0.7374293785310735 0.6379195746095048 0.7374293785310735
0.4 0.4 0.4 0.4 0.4 0.6722222222222222 0.4 0.4 0.42605042016806727 0.6872881355932203 0.6603174603174603 0.5687135315365379 0.6157867431539781 0.6228991596638656 0.6228985660803843 0.6198497855925794 0.6283185840707964 0.6306306306306306 0.629597572779391 0.7300414232232415 0.7511700072828599
0.4 0.4 0.4 0.5142857142857142 0.6782214156079855 0.4817578193255285 0.42195121951219516 0.42000000000000004 0.5422222222222222 0.5812066972008354 0.5828947972631676 0.5741899072530943 0.611690204112936 0.6461777612440629 0.6382697297566327 0.6951538514376595 0.7483731250391555 0.7391315790173036 0.6739778848853445 0.6555388528823064 0.7851490981600653
0.4 0.4 0.4 0.6444444444444445 0.42195121951219516 0.43306233062330624 0.5852389552653515 0.7043921101510134 0.6200876802411206 0.592107892107892 0.5985247208931419 0.6158120531154239 0.6307915191355499 0.640701219512195 0.6312550777419808 0.6498600699650176 0.6944320528741781 0.7190097259062777 0.6639895781205805 0.6112722445323726 0.7190097259062777
0.4 0.4 0.4 0.5419354838709677 0.4 0.4 0.4 0.5522267206477733 0.5938524590163935 0.5908672599712383 0.6123770615136993 0.6312146892655367 0.620437746909647 0.6392920112505772 0.6431732391789047 0.6409539891378743 0.631227671030026 0.7718207498715974 0.697795340955478 0.6275266676188495 0.7847349678322119

Class AUC Score:
0.9996296296296296 0.9637037037037036 0.8733333333333333 0.9988888888888889
1.0 1.0 0.9451851851851852 0.9733333333333333
1.0 0.9725925925925926 0.7692592592592592 0.9588888888888888
0.9977777777777779 0.9762962962962962 0.7609259259259259 0.9522222222222223
1.0 0.9892592592592593 0.7462962962962962 0.9977777777777778
1.0 0.9203703703703705 0.7240740740740741 0.9985185185185186
1.0 0.9174074074074074 0.6592592592592592 0.9751851851851853
0.9992592592592593 0.8722222222222222 0.8296296296296296 0.9948148148148148
0.9981481481481481 0.9366666666666668 0.7620370370370371 0.9870370370370369
0.9992592592592593 0.8907407407407407 0.9788888888888889 0.9766666666666667

Class F1 Score:
0.9830508474576272 0.4878048780487805 0.4918032786885246 0.5
0.9836065573770492 0.9830508474576272 0.8771929824561403 0.723404255319149
1.0 0.4878048780487805 0.4878048780487805 0.6590909090909091
0.9206349206349206 0.49572649572649574 0.49572649572649574 0.47863247863247865
0.9285714285714286 0.8 0.5 0.9473684210526315
0.9655172413793104 0.5 0.5 0.4878048780487805
1.0 0.4878048780487805 0.49586776859504134 0.5084745762711864
0.967741935483871 0.5952380952380952 0.5128205128205128 0.723404255319149
0.9310344827586207 0.6363636363636364 0.48 0.5217391304347826
0.9666666666666667 0.6097560975609756 0.49586776859504134 0.4915254237288136

Os_mode: em_smote, train_mode: 

Test_acc:
0.25 0.25 0.25 0.25 0.39166666666666666 0.5 0.6083333333333333 0.8666666666666667 0.9333333333333333 0.95 0.95 0.95 0.9 0.85 0.75 0.7416666666666667 0.7416666666666667 0.7333333333333333 0.7333333333333333 0.725 0.95
0.25 0.25 0.25 0.25 0.25 0.25 0.4583333333333333 0.6 0.8416666666666667 0.8833333333333333 0.9166666666666666 0.9166666666666666 0.9083333333333333 0.8833333333333333 0.85 0.8166666666666667 0.75 0.7333333333333333 0.7333333333333333 0.7333333333333333 0.9166666666666666
0.25 0.25 0.25 0.25 0.25 0.25 0.25 0.25 0.4166666666666667 0.6583333333333333 0.7083333333333334 0.725 0.7333333333333333 0.875 0.9416666666666667 0.9416666666666667 0.9583333333333334 0.7416666666666667 0.7416666666666667 0.7416666666666667 0.975
0.25 0.25 0.25 0.25 0.25 0.25 0.25 0.44166666666666665 0.48333333333333334 0.5 0.6666666666666666 0.6833333333333333 0.7083333333333334 0.7166666666666667 0.7166666666666667 0.725 0.725 0.725 0.725 0.7333333333333333 0.7333333333333333
0.25 0.25 0.25 0.25 0.25 0.25 0.6833333333333333 0.875 0.925 0.9166666666666666 0.9083333333333333 0.8916666666666667 0.8666666666666667 0.875 0.8833333333333333 0.875 0.8833333333333333 0.8666666666666667 0.8833333333333333 0.875 0.925
0.25 0.25 0.25 0.25 0.25 0.25 0.25833333333333336 0.5916666666666667 0.6833333333333333 0.6916666666666667 0.6916666666666667 0.7 0.7 0.7083333333333334 0.7083333333333334 0.7083333333333334 0.7083333333333334 0.7083333333333334 0.7166666666666667 0.725 0.725
0.25 0.25 0.38333333333333336 0.5666666666666667 0.6666666666666666 0.6833333333333333 0.85 0.8916666666666667 0.925 0.9166666666666666 0.9166666666666666 0.9166666666666666 0.9166666666666666 0.9166666666666666 0.9166666666666666 0.9166666666666666 0.9166666666666666 0.9166666666666666 0.9166666666666666 0.925 0.925
0.25 0.25 0.25 0.25 0.25 0.25 0.25 0.48333333333333334 0.49166666666666664 0.6916666666666667 0.7833333333333333 0.8083333333333333 0.8083333333333333 0.8083333333333333 0.7833333333333333 0.7333333333333333 0.7333333333333333 0.7333333333333333 0.7333333333333333 0.725 0.8083333333333333
0.25 0.48333333333333334 0.5 0.5 0.5 0.5 0.5 0.5 0.5333333333333333 0.7833333333333333 0.8 0.775 0.775 0.775 0.7666666666666667 0.7583333333333333 0.6833333333333333 0.6666666666666666 0.6666666666666666 0.675 0.8083333333333333
0.25 0.25 0.25 0.25 0.4583333333333333 0.875 0.95 0.9666666666666667 0.9583333333333334 0.95 0.95 0.9583333333333334 0.925 0.9 0.7666666666666667 0.7333333333333333 0.725 0.7416666666666667 0.75 0.75 0.975

Test_auc:
0.6958796296296296 0.9960185185185185 0.9980555555555555 0.9987037037037036 0.9987962962962963 0.9982407407407408 0.9976851851851851 0.9969444444444444 0.9969444444444444 0.9967592592592592 0.9967592592592592 0.9966666666666667 0.9965740740740741 0.9963888888888889 0.9961111111111112 0.9951851851851852 0.9943518518518519 0.9938888888888889 0.9912962962962963 0.9891666666666666 0.9988888888888889
0.3336111111111111 0.9330555555555555 0.9933333333333333 0.9966666666666667 0.9966666666666667 0.9952777777777777 0.9943518518518518 0.9921296296296296 0.99 0.9896296296296297 0.9893518518518518 0.9889814814814815 0.9869444444444445 0.985925925925926 0.9844444444444445 0.9817592592592592 0.9803703703703703 0.9799074074074074 0.9785185185185186 0.9776851851851852 0.9968518518518519
0.8187037037037037 0.996388888888889 0.9990740740740741 0.9992592592592592 0.9992592592592592 0.9988888888888888 0.9980555555555557 0.9960185185185186 0.9914814814814814 0.9825925925925926 0.9771296296296296 0.9713888888888889 0.967962962962963 0.962037037037037 0.957962962962963 0.9523148148148148 0.9483333333333333 0.9403703703703704 0.9362962962962964 0.9347222222222223 0.9993518518518518
0.7094444444444445 0.9890740740740741 0.9973148148148149 0.9982407407407408 0.9977777777777779 0.9968518518518519 0.9963888888888889 0.9960185185185185 0.9935185185185186 0.985925925925926 0.9812962962962963 0.98 0.9751851851851852 0.9677777777777778 0.965 0.960925925925926 0.9517592592592593 0.9454629629629631 0.9451851851851851 0.9459259259259261 0.9982407407407408
0.7038888888888889 0.9928703703703704 0.998148148148148 0.9983333333333333 0.9979629629629629 0.9979629629629629 0.9979629629629629 0.9971296296296296 0.9957870370370371 0.9941666666666666 0.9929629629629629 0.9925925925925926 0.9912037037037037 0.9879629629629629 0.9874074074074073 0.9869444444444444 0.9850925925925925 0.9816666666666667 0.9778703703703704 0.9774074074074074 0.9983333333333333
0.6006481481481482 0.9879166666666667 0.992037037037037 0.9926851851851852 0.9931481481481481 0.9933333333333333 0.9932407407407408 0.9921296296296296 0.9910185185185185 0.990462962962963 0.9895370370370371 0.9887962962962963 0.9884259259259258 0.9881481481481482 0.9858333333333333 0.9852777777777778 0.984537037037037 0.9847222222222223 0.9835185185185186 0.9840740740740741 0.9933333333333334
0.8404166666666666 0.9958333333333333 0.9974999999999999 0.9976851851851851 0.9976851851851851 0.9975925925925926 0.9975 0.9972222222222222 0.997037037037037 0.9966666666666667 0.9961111111111111 0.9949074074074074 0.994537037037037 0.9937962962962963 0.9908333333333333 0.9887962962962964 0.9887037037037036 0.9886111111111111 0.9883333333333333 0.9882407407407408 0.9977777777777778
0.6352314814814815 0.995 0.9981481481481482 0.9983333333333333 0.9982407407407408 0.9979629629629629 0.9975925925925926 0.9972222222222222 0.9959259259259259 0.9949074074074074 0.9934259259259258 0.99 0.9849999999999999 0.979074074074074 0.9746296296296296 0.9713888888888889 0.9672222222222222 0.9633333333333333 0.9587962962962963 0.9553703703703703 0.9984259259259258
0.3788888888888889 0.904074074074074 0.9527777777777777 0.9644444444444444 0.9747222222222222 0.9867592592592592 0.9903703703703703 0.9921296296296296 0.9944444444444445 0.9944444444444445 0.9942592592592593 0.9943518518518518 0.994074074074074 0.9927777777777778 0.9919444444444445 0.9902777777777778 0.99 0.9893518518518518 0.9890740740740741 0.9888888888888889 0.994537037037037
0.6813425925925927 0.9974999999999999 0.9981481481481481 0.9981481481481481 0.9984259259259259 0.9984259259259259 0.9983333333333333 0.9976851851851852 0.9972222222222222 0.9947222222222223 0.9936111111111111 0.991851851851852 0.9911111111111112 0.9887962962962964 0.9811111111111112 0.976388888888889 0.9715740740740741 0.9625000000000001 0.9525925925925927 0.9440740740740741 0.9984259259259259

Test_f1:
0.4 0.4 0.4 0.5169811320754717 0.5459016393442623 0.4442307692307692 0.46705882352941175 0.5051851851851852 0.5802665286582999 0.5845440890244765 0.6269173696877411 0.7248834608762286 0.8279055690072639 0.8904882875628718 0.8664373536299766 0.8109578294695388 0.9007690540239122 0.9615649941075586 0.827373278440477 0.8906523572056706 0.9653349475383375
0.4 0.4 0.4 0.4 0.5413793103448276 0.5499999999999999 0.5142857142857142 0.47045454545454546 0.5018018018018018 0.6345553714443524 0.7269476971116315 0.7496279454006655 0.825267554659198 0.866638713051633 0.8736373295799525 0.82555207629807 0.8878392145966473 0.8269356690381264 0.8878392145966473 0.8288083282141564 0.9207609898641312
0.4 0.4 0.5459016393442623 0.4 0.4456310679611651 0.5301587301587302 0.5368421052631579 0.5472727272727272 0.6956354300385109 0.7473667053028108 0.7442349376036048 0.7659525621747391 0.7733052655968001 0.7883951829739327 0.8632179377398412 0.7762471854770616 0.8383286690138725 0.8070175438596491 0.8386939571150096 0.7923976608187133 0.8739284915538432
0.42000000000000004 0.4 0.4 0.4485148514851486 0.6247881355932203 0.5561704834605598 0.6147781423036385 0.6393020377071034 0.582264816038775 0.5940355829172135 0.7165056321591275 0.7679785952862261 0.77891905529123 0.7684972190629421 0.762212834388401 0.8029268350696922 0.8353834049109924 0.758820384856562 0.8231432495279116 0.8069192291373573 0.8463575531732763
0.4 0.4 0.5457627118644067 0.48749999999999993 0.5421391752577319 0.5521786870087841 0.5200748847926266 0.5217145559358675 0.5319053708439898 0.5923862147976275 0.7660471996856436 0.7821095417049329 0.8105259266177867 0.834937343358396 0.7804401147986806 0.8852985217280489 0.8663930420093553 0.8573418257376726 0.863170477423066 0.8645091052065638 0.9220933690157597
0.4 0.4 0.4 0.4 0.4 0.4 0.5321428571428571 0.5413793103448276 0.5413793103448276 0.5848406900203631 0.607761150584157 0.6146151708808003 0.8237899017072479 0.676751120918355 0.6467578206517235 0.6176804736852983 0.9007839578994777 0.7792752566672742 0.8008563886793951 0.8687252184653572 0.950941008144398
0.4 0.4 0.4 0.4 0.5459016393442623 0.45151515151515154 0.4370347773032337 0.5071619674830212 0.553331598125976 0.6017814302850288 0.6009959632997687 0.7164997855717775 0.8155024646295336 0.8871677354122874 0.890410246991818 0.9341786670064993 0.9433866582372746 0.9238977488704115 0.9496056525494526 0.9311269846152495 0.9617008623253048
0.4 0.4 0.42500000000000004 0.5836477987421383 0.5338709677419354 0.5380952380952381 0.5746004425866732 0.628679323061974 0.6327968077474893 0.5766326530612245 0.6854298184085418 0.7505085752842483 0.7613566899896436 0.7799142872593553 0.8263802788875113 0.8631462244092096 0.8524651593617111 0.7853690025821174 0.864345087343334 0.8113758469609434 0.874420477423066
0.4 0.4 0.4 0.4 0.4 0.4 0.4 0.5222222222222221 0.5280701754385965 0.5480701754385965 0.639608636977058 0.6921503725108048 0.7074381731025977 0.7415214301164982 0.7761747506019951 0.8858366153478936 0.8921802369170789 0.9214986619090098 0.9081502621623415 0.9122980473783329 0.9263232233125186
0.4261261261261261 0.4 0.4 0.4 0.4 0.4 0.4 0.4209677419354839 0.4793793402220279 0.5385566881595242 0.6368594675799855 0.680283387504815 0.7429260848044876 0.8518539619237524 0.8318455344020697 0.8130739578773286 0.8150628246949378 0.8470921155347384 0.8247122830164162 0.8366631874091811 0.8822395500674189

Class AUC Score:
1.0 0.9988888888888889 0.9825925925925926 1.0
1.0 1.0 0.9470370370370371 0.9803703703703703
0.9903703703703703 0.9788888888888889 0.8837037037037038 0.9581481481481482
0.9862962962962962 0.9592592592592593 0.9318518518518519 0.9692592592592593
1.0 0.97 0.9807407407407407 0.9974074074074074
1.0 0.971111111111111 0.9722222222222223 0.9981481481481481
1.0 0.9940740740740741 0.9885185185185186 0.9725925925925927
0.9925925925925926 0.9981481481481481 0.9122222222222222 0.9848148148148148
0.9977777777777778 0.9803703703703703 0.9940740740740741 0.9892592592592593
0.9988888888888889 1.0 0.9255555555555557 0.9837037037037037

Class F1 Score:
0.9830508474576272 0.9836065573770492 0.625 0.6666666666666666
0.9836065573770492 1.0 0.6741573033707865 0.6444444444444445
0.9473684210526315 0.8235294117647058 0.6590909090909091 0.6835443037974683
0.9666666666666667 0.8235294117647058 0.6865671641791045 0.6511627906976745
0.9473684210526315 0.6593406593406593 0.8518518518518519 0.8888888888888888
0.9830508474576272 0.49586776859504134 0.5 0.4918032786885246
0.9830508474576272 0.9491525423728814 0.8363636363636363 0.9285714285714286
0.9354838709677419 0.9655172413793104 0.6451612903225806 0.8679245283018868
0.9122807017543859 0.8888888888888888 0.7755102040816326 0.9666666666666667
0.9666666666666667 0.9523809523809523 0.6741573033707865 0.6590909090909091

Os_mode: gsm, train_mode: pret

Test_acc:
0.25 0.4666666666666667 0.25 0.43333333333333335 0.5 0.25 0.25 0.25 0.25 0.25 0.25 0.25 0.25 0.25 0.25 0.4 0.48333333333333334 0.48333333333333334 0.49166666666666664 0.5 0.5
0.25 0.25 0.25 0.25 0.25 0.25 0.48333333333333334 0.5 0.39166666666666666 0.25 0.25 0.25 0.25 0.25 0.25 0.25 0.25 0.36666666666666664 0.475 0.49166666666666664 0.5
0.25 0.25 0.25 0.25 0.25 0.5 0.25 0.25 0.25 0.25 0.25 0.25 0.25 0.25 0.25 0.25 0.4 0.4666666666666667 0.4666666666666667 0.475 0.5
0.25 0.25 0.25 0.25 0.48333333333333334 0.25 0.25 0.25 0.25 0.25 0.25 0.25 0.25 0.25 0.25 0.25 0.25 0.25 0.25 0.25 0.49166666666666664
0.25 0.25 0.25 0.3416666666666667 0.25 0.25 0.25 0.25 0.25 0.25 0.25 0.25 0.25 0.25 0.25 0.25 0.25 0.25 0.275 0.4666666666666667 0.5
0.25 0.25 0.25 0.25 0.25 0.25 0.25 0.25 0.25 0.25 0.25 0.25 0.25 0.25 0.25 0.25 0.25 0.48333333333333334 0.49166666666666664 0.49166666666666664 0.5
0.25 0.31666666666666665 0.49166666666666664 0.49166666666666664 0.6416666666666667 0.25 0.25 0.25 0.25 0.25 0.25 0.25 0.25 0.25 0.25 0.25 0.25 0.275 0.4666666666666667 0.48333333333333334 0.8916666666666667
0.25 0.25 0.25 0.49166666666666664 0.25 0.25 0.25 0.25 0.25 0.25 0.25 0.25 0.25 0.25 0.25 0.25 0.25 0.25 0.25 0.25 0.5
0.25 0.25 0.25 0.25 0.25 0.25 0.25 0.25 0.25 0.25 0.25 0.25 0.25 0.25 0.25 0.25 0.25 0.45 0.48333333333333334 0.5 0.5
0.25 0.25 0.25 0.25 0.25 0.25 0.25 0.25 0.25 0.25 0.25 0.25 0.25 0.25 0.25 0.25 0.48333333333333334 0.49166666666666664 0.49166666666666664 0.49166666666666664 0.49166666666666664

Test_auc:
0.8073148148148148 0.9963888888888889 0.9997222222222222 0.9998148148148148 0.9998148148148148 0.9997222222222222 0.9997222222222222 0.9995370370370371 0.9995370370370371 0.9991666666666666 0.997037037037037 0.993611111111111 0.9815740740740742 0.9747222222222223 0.9690740740740741 0.9617592592592592 0.9525925925925925 0.941574074074074 0.9350925925925925 0.9301851851851852 0.9999074074074075
0.37 0.9749074074074074 0.9914814814814815 0.992962962962963 0.9930555555555556 0.9914814814814815 0.9889814814814815 0.9863888888888889 0.9793518518518519 0.9738888888888889 0.9682407407407407 0.9623148148148148 0.9507407407407407 0.932962962962963 0.9121296296296296 0.8982407407407408 0.890462962962963 0.8827777777777778 0.875 0.866574074074074 0.9936111111111112
0.5673148148148148 0.9936111111111111 0.9960185185185186 0.9951851851851852 0.9924999999999999 0.9896296296296296 0.9861111111111112 0.9804629629629629 0.9755555555555556 0.971111111111111 0.9657407407407407 0.9537962962962964 0.9305555555555557 0.9111111111111112 0.8996296296296297 0.8911111111111111 0.8862962962962964 0.8764814814814815 0.8701851851851853 0.8687962962962963 0.9963888888888889
0.5121296296296296 0.9762037037037037 0.9927777777777778 0.9914814814814815 0.9894444444444445 0.9878703703703704 0.9853703703703705 0.9786111111111112 0.9731481481481482 0.9656481481481483 0.9521296296296297 0.9427777777777778 0.9298148148148149 0.9022222222222223 0.861111111111111 0.8295370370370372 0.8151851851851852 0.8003703703703704 0.79 0.7806481481481482 0.9927777777777778
0.5962962962962963 0.9782407407407407 0.9964814814814815 0.9976851851851851 0.9979629629629629 0.9985185185185186 0.9983333333333333 0.9982407407407408 0.9979629629629629 0.9976851851851851 0.997037037037037 0.9941666666666668 0.992037037037037 0.9898148148148148 0.9830555555555556 0.9696296296296296 0.9515740740740741 0.9287037037037037 0.9063888888888889 0.8990740740740741 0.9985185185185186
0.7463888888888889 0.9979629629629629 0.9988888888888889 0.9987037037037036 0.9984259259259259 0.9973148148148148 0.9972222222222222 0.9964814814814815 0.9961111111111112 0.9913888888888889 0.9879629629629629 0.981574074074074 0.9764814814814814 0.9700925925925926 0.9523148148148148 0.9351851851851851 0.9190740740740742 0.9078703703703703 0.9053703703703704 0.9046296296296297 0.9991666666666666
0.726111111111111 0.9866666666666666 0.9933333333333333 0.9937962962962963 0.9943518518518518 0.9931481481481481 0.9885185185185186 0.9861111111111112 0.9814814814814815 0.9767592592592592 0.9737962962962963 0.9692129629629631 0.9617592592592592 0.9539814814814815 0.9304629629629629 0.9079629629629629 0.8933333333333333 0.8876851851851852 0.8852777777777777 0.8846296296296297 0.995
0.6789814814814815 0.9875925925925926 0.9902777777777778 0.9916666666666667 0.988425925925926 0.9850925925925926 0.982037037037037 0.9777777777777777 0.9707870370370371 0.9616666666666667 0.9508333333333333 0.9391666666666666 0.924537037037037 0.9038888888888889 0.8712037037037037 0.8492592592592593 0.8239814814814814 0.8027777777777778 0.7922222222222222 0.7825925925925925 0.9918518518518519
0.8708796296296295 0.9818518518518518 0.9848148148148148 0.9833333333333333 0.9820370370370369 0.9797222222222223 0.9757407407407408 0.9660185185185186 0.9555555555555555 0.9447222222222222 0.9344444444444444 0.9250925925925926 0.9191666666666667 0.9153703703703704 0.9125000000000001 0.9112962962962964 0.9102777777777777 0.9099999999999999 0.9096296296296296 0.9111111111111111 0.9850925925925926
0.8464814814814814 0.9933333333333334 0.9961111111111111 0.9957407407407408 0.9947222222222223 0.9937037037037038 0.9928703703703704 0.9882407407407406 0.9839814814814815 0.9750000000000001 0.9666666666666667 0.9622222222222223 0.9564814814814815 0.9496296296296296 0.9443518518518518 0.9373148148148148 0.9336111111111112 0.9303703703703704 0.9312962962962963 0.935 0.9964814814814814

Test_f1:
0.4 0.4 0.4 0.4 0.4 0.5222222222222221 0.5678528588564574 0.47396694214876034 0.8108792846497764 0.7588001248244656 0.5620417816318486 0.5994745484400656 0.6136155707208643 0.7359548251101096 0.778585884138629 0.7321677261859654 0.7987117396358 0.7833182166312868 0.8152071563088512 0.7591304416955513 0.8298270393497869
0.4 0.4 0.4209677419354839 0.44563106796116503 0.4 0.42000000000000004 0.5581932773109244 0.6851998849582974 0.5512396694214876 0.5676114513602051 0.5877503788400606 0.6169520595123295 0.6169520595123295 0.6240894362021359 0.6284757717882542 0.6241450419684699 0.6251954621365371 0.625270643583126 0.7184336048512501 0.6685907149745144 0.7286532386897814
0.4 0.4 0.4 0.5083333333333333 0.4 0.4 0.5608090474119183 0.595486111111111 0.5950617283950617 0.6863169249617765 0.6882135269903109 0.7857343614434275 0.7334654852814659 0.6885051982032047 0.6569616239450469 0.6600770052333053 0.6500173021631188 0.6944683173415142 0.6594264561399741 0.6469028675929941 0.8136340481783662
0.4 0.4 0.4 0.4 0.4 0.5457627118644067 0.5862813495291539 0.5416885124689118 0.7299784161570482 0.6743321718931474 0.6485784057212629 0.597009315538033 0.6062456866804693 0.598798076923077 0.5966298296806771 0.5987484737484737 0.6750655308842355 0.6864316239316239 0.6276365208388404 0.609375 0.7626485568760611
0.4 0.4 0.5280701754385965 0.5419354838709677 0.4 0.42000000000000004 0.574875868917577 0.6772727272727272 0.6460382513661203 0.7075262308313156 0.7383305298570227 0.7282214156079855 0.7274904214559387 0.8051204768630617 0.8123185339910459 0.8025651249335459 0.7507349035284373 0.7080419580419579 0.6968864468864469 0.7532371284841641 0.8206707086017431
0.4 0.412781954887218 0.5457627118644067 0.4 0.4 0.5413793103448276 0.5499999999999999 0.44150943396226416 0.5493303571428572 0.5687135315365379 0.5990122384226033 0.6132970721657192 0.6163966726616552 0.6664292489806135 0.7307094403617864 0.8313569556503417 0.765072120802344 0.712924700490347 0.6670289456306406 0.678063132032474 0.8489841274723923
0.4 0.4 0.4 0.42000000000000004 0.4 0.4214776070611311 0.7627781089552526 0.6944055944055944 0.49658598976780793 0.6383116883116883 0.6520804114071996 0.6883691299599562 0.6905656208572691 0.699938511990162 0.7746561652064043 0.7797619047619049 0.7854662698412698 0.75 0.7491986811179855 0.729195732119593 0.8568962118585887
0.4 0.4 0.42000000000000004 0.4209677419354839 0.5280701754385965 0.4 0.5372881355932203 0.5343749999999999 0.5368421052631579 0.6016820276497696 0.6068968909878001 0.6094997898276586 0.6100777023483044 0.6108415516202572 0.6051064885277847 0.670746935748131 0.7076131085345531 0.699678485073418 0.6139042855071564 0.612581930763749 0.7177713684687977
0.4 0.4 0.4 0.4 0.6377049180327868 0.42195121951219516 0.4595744680851064 0.5846966814626929 0.6225177304964539 0.6553571428571429 0.6484457816299807 0.7526475102484894 0.7464634517588327 0.7482889012267842 0.6939438504900124 0.6812180828875792 0.6775774325720287 0.7016389609196554 0.6933721498869124 0.7890670858096706 0.8408234891285739
0.4 0.4 0.5372881355932203 0.49230769230769234 0.5499999999999999 0.5169811320754717 0.5416666666666666 0.5173913043478261 0.5821901747775466 0.5896174863387978 0.6961180529781297 0.6803971654581411 0.6543207498715974 0.6561569524237089 0.7687212573839279 0.8610608204199246 0.7975975220911454 0.7559153184693591 0.7475687434022467 0.7241415612508905 0.8610608204199246

Class AUC Score:
0.9996296296296296 0.9696296296296297 0.8862962962962962 0.9925925925925926
1.0 0.9707407407407408 0.6633333333333333 0.9633333333333333
1.0 0.9462962962962963 0.6866666666666668 0.9362962962962963
0.9977777777777779 0.8859259259259259 0.5003703703703704 0.942962962962963
1.0 0.965925925925926 0.9233333333333333 0.9962962962962962
1.0 0.9788888888888889 0.774074074074074 0.9933333333333334
1.0 0.9514814814814815 0.7159259259259259 0.9755555555555555
0.9992592592592593 0.7485185185185186 0.6755555555555556 0.9848148148148148
0.9962962962962963 0.9733333333333334 0.6988888888888889 0.977037037037037
0.9988888888888889 0.9692592592592593 0.8066666666666666 0.9777777777777779

Class F1 Score:
0.9830508474576272 0.6105263157894737 0.5853658536585366 0.7407407407407407
0.9836065573770492 0.5 0.5042016806722689 0.5087719298245614
0.9830508474576272 0.4878048780487805 0.5306122448979592 0.6506024096385542
0.9206349206349206 0.49572649572649574 0.5 0.47863247863247865
0.9285714285714286 0.9122807017543859 0.5 0.9090909090909091
0.9655172413793104 0.9285714285714286 0.5 0.9508196721311475
1.0 0.9285714285714286 0.5 0.6904761904761905
0.9523809523809523 0.4835164835164835 0.5128205128205128 0.5263157894736842
0.9122807017543859 0.4838709677419355 0.6292134831460674 0.7
0.967741935483871 0.9473684210526315 0.5609756097560976 0.9491525423728814

Os_mode: gsm, train_mode: preo
