
Class Sample Num: 20

Im_ratio: [0.4, 0.5, 0.6]

Up_ratio: 0

Os_mode: gsm, train_mode: noFT

Test_acc:
0.275 0.6416666666666667 0.9416666666666667 0.9583333333333334 0.9666666666666667 0.975 0.9666666666666667 0.9833333333333333 0.975 0.975 0.975 0.9666666666666667 0.975 0.975 0.975 0.975 0.975 0.975 0.975 0.975 0.9833333333333333
0.25 0.45 0.7833333333333333 0.9333333333333333 0.95 0.95 0.9416666666666667 0.95 0.95 0.95 0.9583333333333334 0.9583333333333334 0.9583333333333334 0.9583333333333334 0.9583333333333334 0.9583333333333334 0.9583333333333334 0.9583333333333334 0.9583333333333334 0.9583333333333334 0.9583333333333334
0.25 0.4166666666666667 0.7916666666666666 0.9416666666666667 0.9583333333333334 0.9666666666666667 0.9583333333333334 0.975 0.975 0.9666666666666667 0.975 0.975 0.975 0.975 0.975 0.975 0.975 0.975 0.9666666666666667 0.9666666666666667 0.975
0.15 0.8333333333333334 0.9083333333333333 0.9416666666666667 0.9416666666666667 0.9333333333333333 0.925 0.925 0.925 0.9333333333333333 0.9333333333333333 0.9333333333333333 0.9333333333333333 0.9333333333333333 0.9333333333333333 0.9333333333333333 0.9333333333333333 0.9333333333333333 0.9333333333333333 0.925 0.9416666666666667
0.25 0.65 0.8583333333333333 0.9333333333333333 0.9416666666666667 0.95 0.95 0.95 0.95 0.95 0.9583333333333334 0.9583333333333334 0.9583333333333334 0.9583333333333334 0.9583333333333334 0.9583333333333334 0.9583333333333334 0.9583333333333334 0.9583333333333334 0.9583333333333334 0.9583333333333334
0.35833333333333334 0.725 0.8583333333333333 0.925 0.9333333333333333 0.9416666666666667 0.9416666666666667 0.9333333333333333 0.9333333333333333 0.9333333333333333 0.9333333333333333 0.9333333333333333 0.9333333333333333 0.9333333333333333 0.9333333333333333 0.9333333333333333 0.9333333333333333 0.9333333333333333 0.9333333333333333 0.9333333333333333 0.9416666666666667
0.25 0.43333333333333335 0.875 0.95 0.9666666666666667 0.975 0.975 0.975 0.9666666666666667 0.9666666666666667 0.9666666666666667 0.9666666666666667 0.9666666666666667 0.9666666666666667 0.9666666666666667 0.9666666666666667 0.9666666666666667 0.9666666666666667 0.9666666666666667 0.9666666666666667 0.975
0.2 0.4666666666666667 0.825 0.9416666666666667 0.9416666666666667 0.9333333333333333 0.9416666666666667 0.9416666666666667 0.95 0.95 0.95 0.95 0.95 0.9333333333333333 0.9333333333333333 0.9333333333333333 0.9333333333333333 0.9333333333333333 0.9333333333333333 0.9333333333333333 0.95
0.25 0.48333333333333334 0.8416666666666667 0.9416666666666667 0.9583333333333334 0.975 0.975 0.9833333333333333 0.9833333333333333 0.975 0.975 0.975 0.975 0.975 0.975 0.975 0.975 0.975 0.975 0.975 0.9833333333333333
0.25833333333333336 0.8083333333333333 0.9666666666666667 0.9666666666666667 0.975 0.975 0.9666666666666667 0.9666666666666667 0.9666666666666667 0.9666666666666667 0.9666666666666667 0.9666666666666667 0.9666666666666667 0.9666666666666667 0.9666666666666667 0.9666666666666667 0.9666666666666667 0.9666666666666667 0.9666666666666667 0.9666666666666667 0.975

Test_auc:
0.7828703703703703 0.9876851851851851 0.9987037037037036 0.999074074074074 0.9993518518518518 0.9994444444444445 0.9994444444444445 0.9994444444444445 0.9994444444444445 0.9994444444444445 0.9994444444444445 0.9994444444444445 0.9994444444444445 0.9994444444444445 0.9994444444444445 0.9994444444444445 0.9994444444444445 0.9994444444444445 0.9994444444444445 0.9994444444444445 0.9994444444444445
0.5173148148148148 0.9669444444444445 0.990462962962963 0.995 0.9965740740740741 0.9981481481481481 0.9984259259259258 0.9985185185185186 0.9987037037037036 0.9987037037037036 0.9987962962962963 0.9988888888888888 0.9987962962962963 0.9987962962962963 0.9988888888888889 0.9988888888888889 0.9988888888888889 0.9988888888888889 0.9988888888888889 0.9988888888888889 0.9988888888888889
0.5731481481481482 0.9746296296296296 0.9929629629629628 0.9972222222222222 0.9983333333333334 0.9988888888888889 0.9987962962962963 0.9991666666666666 0.9991666666666666 0.9992592592592593 0.9993518518518518 0.9994444444444445 0.9993518518518519 0.9993518518518519 0.9993518518518519 0.9993518518518519 0.9993518518518519 0.9993518518518519 0.9993518518518519 0.9993518518518519 0.9994444444444445
0.5017592592592593 0.9370833333333333 0.987962962962963 0.9927777777777778 0.9925925925925926 0.9921296296296297 0.9914814814814814 0.9913888888888889 0.9911111111111112 0.9912962962962963 0.9916666666666667 0.9916666666666667 0.9912037037037037 0.9912037037037037 0.9911111111111112 0.9910185185185185 0.9913888888888889 0.9914814814814814 0.9917592592592592 0.9916666666666667 0.9929629629629629
0.6821296296296296 0.9846296296296296 0.9951851851851852 0.9973148148148148 0.9975 0.9973148148148148 0.9972222222222222 0.997037037037037 0.9968518518518519 0.9969444444444444 0.9967592592592592 0.9968518518518519 0.9968518518518519 0.9968518518518519 0.9968518518518519 0.9968518518518519 0.9966666666666666 0.9966666666666666 0.9965740740740741 0.9965740740740741 0.9975
0.6462037037037036 0.9655555555555555 0.9791666666666667 0.9864814814814815 0.9891666666666666 0.9907407407407408 0.9913888888888889 0.992037037037037 0.9922222222222223 0.9919444444444445 0.9922222222222222 0.9918518518518519 0.9917592592592592 0.9918518518518519 0.9917592592592592 0.9917592592592592 0.9917592592592592 0.9916666666666666 0.9917592592592592 0.9917592592592592 0.9923148148148149
0.6599074074074074 0.9787037037037036 0.9882407407407408 0.9907407407407407 0.9931481481481481 0.9938888888888888 0.9937037037037038 0.9939814814814816 0.9940740740740741 0.9940740740740741 0.9941666666666666 0.9940740740740741 0.9939814814814814 0.9941666666666666 0.9941666666666666 0.9941666666666666 0.9942592592592592 0.9942592592592592 0.9942592592592592 0.9942592592592592 0.9942592592592592
0.605925925925926 0.966111111111111 0.9852777777777778 0.9923148148148148 0.9948148148148148 0.9925 0.9916666666666666 0.9927777777777778 0.9948148148148148 0.995 0.9941666666666666 0.9938888888888888 0.9936111111111111 0.9929629629629629 0.9930555555555556 0.9932407407407406 0.9932407407407408 0.9933333333333333 0.9933333333333334 0.993611111111111 0.9952777777777777
0.6089814814814815 0.9678703703703704 0.9926851851851852 0.9967592592592592 0.9976851851851852 0.998425925925926 0.9986111111111111 0.9987037037037036 0.9987962962962964 0.9989814814814815 0.9988888888888889 0.9988888888888889 0.9988888888888889 0.9988888888888889 0.9988888888888889 0.9988888888888889 0.9988888888888889 0.9988888888888889 0.9988888888888889 0.9989814814814815 0.9989814814814815
0.5538888888888889 0.9840740740740741 0.9956481481481483 0.9975925925925926 0.9975925925925926 0.9976851851851852 0.9976851851851851 0.9975925925925926 0.9979629629629628 0.9979629629629628 0.9979629629629628 0.9978703703703703 0.9977777777777777 0.9976851851851851 0.9974999999999999 0.9974999999999999 0.9975925925925925 0.9974999999999999 0.9975925925925925 0.9974074074074074 0.9979629629629628

Test_f1:
0.420151052547003 0.8924852893102322 0.9260921385002787 0.9628963325540619 0.9751252588084505 0.9795037898818967 0.9756742464304601 0.9717080909571655 0.9756742464304601 0.9797726070861977 0.9797726070861977 0.9839968774395004 0.9839968774395004 0.9839968774395004 0.9839968774395004 0.9839968774395004 0.9839968774395004 0.9839968774395004 0.9452644830733032 0.9482825917252147 0.9839968774395004
0.40211267605633805 0.6863114754098361 0.8673188025210083 0.9460266740761323 0.9472350230414747 0.9512099921935988 0.944602938045561 0.9414342307381357 0.9461226759891943 0.9406367825722665 0.9406367825722665 0.9489745227450146 0.944602938045561 0.9494730679156909 0.950206160562697 0.9545777452621507 0.9504942606886478 0.9504942606886478 0.9504942606886478 0.9504942606886478 0.9550351288056206
0.4138211382113821 0.7388861138861139 0.9145044308383692 0.9380504965434959 0.9521544291571252 0.9718230813673991 0.9718230813673991 0.9658022822431518 0.9662113745046138 0.9751319811058627 0.9603163888262239 0.9603163888262239 0.9603163888262239 0.9646997903458031 0.9646997903458031 0.9790937297397425 0.9790937297397425 0.9790937297397425 0.9790937297397425 0.9790937297397425 0.9790937297397425
0.42593784503841814 0.6240734311386485 0.8970376281315143 0.9104391250919368 0.9411177481620474 0.9544896576037736 0.9544945280499064 0.939792008757526 0.9512999452654625 0.9512999452654625 0.9512999452654625 0.9506494118280439 0.9506494118280439 0.9506494118280439 0.9506494118280439 0.9506494118280439 0.9506494118280439 0.9492113905453289 0.9492113905453289 0.9452791461412151 0.9544945280499064
0.4667893859904267 0.7482733355374864 0.9241952973604495 0.9343915343915343 0.941476528673612 0.9352816260491456 0.9505376344086022 0.9505376344086022 0.9432459677419355 0.9513440860215054 0.9550458311299137 0.949675565443085 0.9452970343696386 0.9452970343696386 0.9452970343696386 0.9452970343696386 0.9452970343696386 0.949944382647386 0.949944382647386 0.949944382647386 0.9559588862867552
0.40409107737874866 0.8613601310969732 0.9168792555003638 0.9292280263036029 0.9366763447144661 0.9380952380952381 0.9471116315378612 0.93752052545156 0.9309035273330911 0.9460315290687078 0.9497038454528887 0.9385375923511516 0.9385375923511516 0.9385375923511516 0.9385375923511516 0.9385375923511516 0.9385375923511516 0.9385375923511516 0.9385375923511516 0.9385375923511516 0.9497038454528887
0.405518018018018 0.8042687911346408 0.9275148580233326 0.9392787679117216 0.9254412110753785 0.9585924250989261 0.919553411301119 0.9618351588891652 0.9455812889201249 0.9471415947400657 0.955762284395238 0.955762284395238 0.955762284395238 0.9593680536260073 0.9593680536260073 0.9507473639708349 0.9593680536260073 0.9593680536260073 0.9630882917212453 0.9630882917212453 0.9630882917212453
0.42024321399321396 0.7341005967604434 0.864558629776021 0.9107723367030198 0.9414558207132169 0.9161521769885204 0.9203827428267013 0.9494881770793988 0.9355862775217614 0.9350115648780832 0.9350115648780832 0.9311713191023536 0.9311713191023536 0.9357008340059187 0.9311713191023536 0.9311713191023536 0.9362218241528586 0.9362218241528586 0.9362218241528586 0.9325015860576206 0.9533133136914205
0.4488095238095238 0.743569651892017 0.896066999749659 0.9403957806363492 0.9711704565485634 0.9710315290687078 0.966782424112989 0.9629421783372594 0.9579833203698902 0.9671912832929781 0.967069780434828 0.967069780434828 0.9632295346590984 0.9632295346590984 0.9595092965638603 0.9595092965638603 0.9637465846994536 0.9589220232959448 0.9589220232959448 0.9585052408563783 0.9712873284907182
0.39322033898305087 0.6432315544959961 0.9118773946360154 0.9598772942157954 0.9518313172043011 0.9557974726775956 0.9598958333333334 0.9598958333333334 0.9598958333333334 0.9555173022598871 0.9555173022598871 0.9634920634920636 0.9634920634920636 0.9634920634920636 0.9634920634920636 0.9634920634920636 0.9634920634920636 0.9548713738368911 0.9548713738368911 0.9548713738368911 0.9672019856172712

Class AUC Score:
1.0 1.0 0.9977777777777778 1.0
0.9996296296296296 1.0 0.9981481481481481 0.9977777777777778
1.0 0.9996296296296296 1.0 0.9977777777777778
0.9996296296296296 0.9740740740740741 0.992962962962963 0.9977777777777778
1.0 0.9985185185185186 0.9914814814814815 0.9974074074074074
1.0 0.9974074074074074 0.9703703703703704 0.9992592592592592
1.0 0.9992592592592593 0.99 0.9874074074074073
0.9992592592592592 0.9892592592592593 0.9844444444444443 1.0
0.9988888888888889 1.0 0.997037037037037 0.9996296296296296
0.9988888888888888 1.0 0.9929629629629629 0.9981481481481481

Class F1 Score:
1.0 0.9836065573770492 0.9523809523809523 1.0
0.967741935483871 0.9523809523809523 0.9508196721311476 0.9473684210526316
0.983050847457627 0.9836065573770492 0.983050847457627 0.9666666666666667
0.9523809523809523 0.9655172413793104 0.9180327868852459 0.9666666666666667
1.0 0.9491525423728815 0.896551724137931 0.9354838709677419
0.983050847457627 0.9666666666666667 0.8813559322033899 0.923076923076923
0.9655172413793104 0.9375 0.9508196721311476 0.9491525423728815
0.9523809523809523 0.9310344827586207 0.888888888888889 0.9523809523809523
0.9666666666666667 0.983050847457627 0.9508196721311476 0.9375
0.9666666666666667 1.0 0.9206349206349207 0.9666666666666667

Os_mode: gsm, train_mode: preT2

Test_acc:
0.25 0.4666666666666667 0.7333333333333333 0.9416666666666667 0.9833333333333333 0.975 0.975 0.975 0.9833333333333333 0.9833333333333333 0.9833333333333333 0.9833333333333333 0.9833333333333333 0.9833333333333333 0.9833333333333333 0.9833333333333333 0.9833333333333333 0.9833333333333333 0.9833333333333333 0.9833333333333333 0.9833333333333333
0.25 0.4166666666666667 0.7583333333333333 0.9166666666666666 0.9416666666666667 0.9583333333333334 0.9583333333333334 0.9583333333333334 0.9666666666666667 0.9666666666666667 0.9666666666666667 0.9666666666666667 0.9666666666666667 0.9666666666666667 0.9666666666666667 0.9666666666666667 0.9666666666666667 0.9666666666666667 0.9666666666666667 0.9666666666666667 0.9666666666666667
0.25 0.5666666666666667 0.825 0.95 0.9666666666666667 0.975 0.975 0.975 0.975 0.975 0.975 0.975 0.975 0.975 0.975 0.975 0.975 0.975 0.975 0.975 0.975
0.275 0.5 0.8916666666666667 0.9333333333333333 0.9583333333333334 0.9583333333333334 0.9583333333333334 0.9583333333333334 0.9583333333333334 0.9583333333333334 0.9583333333333334 0.9583333333333334 0.95 0.95 0.9583333333333334 0.95 0.95 0.95 0.95 0.95 0.9666666666666667
0.2916666666666667 0.8916666666666667 0.925 0.9666666666666667 0.9583333333333334 0.9583333333333334 0.9583333333333334 0.9583333333333334 0.9583333333333334 0.95 0.95 0.95 0.95 0.95 0.95 0.95 0.95 0.95 0.95 0.95 0.9666666666666667
0.35 0.6333333333333333 0.8916666666666667 0.9666666666666667 0.975 0.975 0.9583333333333334 0.9583333333333334 0.9666666666666667 0.9666666666666667 0.9583333333333334 0.9583333333333334 0.9583333333333334 0.9583333333333334 0.9583333333333334 0.9583333333333334 0.9583333333333334 0.9583333333333334 0.9583333333333334 0.9583333333333334 0.975
0.25 0.48333333333333334 0.9166666666666666 0.9416666666666667 0.9416666666666667 0.9416666666666667 0.95 0.95 0.95 0.95 0.95 0.95 0.95 0.95 0.95 0.95 0.95 0.9583333333333334 0.9583333333333334 0.9583333333333334 0.9583333333333334
0.25 0.2833333333333333 0.6583333333333333 0.8916666666666667 0.925 0.9416666666666667 0.9333333333333333 0.9333333333333333 0.9416666666666667 0.9333333333333333 0.9333333333333333 0.9333333333333333 0.9333333333333333 0.9416666666666667 0.95 0.95 0.95 0.95 0.95 0.95 0.95
0.25 0.65 0.925 0.9416666666666667 0.95 0.9416666666666667 0.9583333333333334 0.9666666666666667 0.975 0.975 0.9666666666666667 0.9666666666666667 0.9666666666666667 0.9583333333333334 0.9666666666666667 0.9583333333333334 0.9583333333333334 0.9583333333333334 0.9583333333333334 0.9583333333333334 0.975
0.35833333333333334 0.625 0.8833333333333333 0.95 0.9583333333333334 0.9583333333333334 0.9583333333333334 0.9583333333333334 0.95 0.95 0.95 0.95 0.95 0.95 0.95 0.95 0.95 0.95 0.95 0.95 0.9583333333333334

Test_auc:
0.7409259259259259 0.9808333333333332 0.9942592592592593 0.9971296296296297 0.9980555555555556 0.9984259259259259 0.9985185185185186 0.9985185185185186 0.9984259259259259 0.9984259259259259 0.9984259259259259 0.9985185185185186 0.9986111111111111 0.9986111111111111 0.9986111111111111 0.9986111111111111 0.9986111111111111 0.9986111111111111 0.9986111111111111 0.9986111111111111 0.9987037037037036
0.7072222222222223 0.971111111111111 0.9899074074074075 0.9944444444444445 0.9961111111111112 0.9964814814814815 0.9968518518518518 0.9977777777777778 0.9980555555555556 0.9980555555555556 0.9981481481481481 0.9981481481481481 0.9981481481481481 0.9981481481481481 0.9982407407407407 0.9982407407407407 0.9985185185185186 0.9985185185185186 0.9985185185185186 0.9985185185185186 0.9986111111111111
0.4414814814814815 0.9406481481481481 0.9958333333333333 0.9977777777777778 0.9988888888888888 0.9994444444444445 0.9997222222222222 0.9998148148148148 0.9998148148148148 0.9998148148148148 0.9998148148148148 0.9998148148148148 0.9998148148148148 0.9998148148148148 0.9998148148148148 0.9998148148148148 0.9998148148148148 0.9998148148148148 0.9998148148148148 0.9998148148148148 0.9998148148148148
0.6875 0.976388888888889 0.9898148148148148 0.9949074074074074 0.9966666666666667 0.9964814814814814 0.9958333333333333 0.9952777777777779 0.995462962962963 0.9952777777777778 0.9961111111111112 0.9962962962962963 0.9965740740740741 0.9965740740740741 0.9968518518518519 0.9967592592592593 0.9975 0.9975925925925926 0.9975925925925926 0.9975925925925926 0.9976851851851852
0.5591666666666667 0.9770370370370371 0.9897222222222222 0.9948148148148148 0.995462962962963 0.9956481481481481 0.9962962962962962 0.9960185185185184 0.9959259259259259 0.9960185185185184 0.9961111111111112 0.9963888888888889 0.9962962962962962 0.9961111111111112 0.9960185185185186 0.9960185185185186 0.995925925925926 0.9960185185185185 0.9960185185185185 0.9960185185185185 0.9963888888888889
0.6081481481481482 0.9491666666666667 0.9816666666666667 0.9871296296296296 0.987037037037037 0.9868518518518519 0.9881481481481482 0.9885185185185186 0.9887962962962964 0.9887962962962964 0.9887037037037036 0.9882407407407408 0.9880555555555556 0.9880555555555556 0.9881481481481481 0.9880555555555556 0.9880555555555556 0.9880555555555556 0.9881481481481481 0.9881481481481481 0.9888888888888889
0.6862037037037036 0.9910185185185185 0.9969444444444444 0.9973148148148149 0.9973148148148148 0.9973148148148148 0.9977777777777778 0.9978703703703704 0.9977777777777778 0.9978703703703703 0.9979629629629629 0.9978703703703703 0.9979629629629629 0.9979629629629629 0.9977777777777778 0.9976851851851852 0.9976851851851852 0.9975925925925926 0.9974999999999999 0.9972222222222222 0.9979629629629629
0.5955555555555556 0.9475925925925925 0.9812037037037037 0.9910185185185185 0.9940740740740741 0.9939814814814815 0.9941666666666666 0.9925925925925926 0.9918518518518519 0.9905555555555555 0.9898148148148148 0.9899074074074075 0.9906481481481482 0.99 0.9897222222222222 0.9894444444444443 0.9892592592592593 0.9894444444444445 0.9891666666666666 0.989074074074074 0.9943518518518518
0.5327777777777778 0.9725 0.9905555555555556 0.9943518518518518 0.995925925925926 0.9944444444444445 0.994537037037037 0.9948148148148148 0.9955555555555555 0.9951851851851852 0.9953703703703703 0.995462962962963 0.9956481481481482 0.9955555555555555 0.9956481481481482 0.9956481481481482 0.9958333333333333 0.9960185185185185 0.9960185185185185 0.9962962962962963 0.9962962962962963
0.7356481481481483 0.9728703703703704 0.9919444444444445 0.9939814814814815 0.9944444444444445 0.9949074074074074 0.9957407407407407 0.9956481481481482 0.9961111111111111 0.9953703703703705 0.9950925925925926 0.9952777777777777 0.9954629629629629 0.9955555555555555 0.9954629629629629 0.9954629629629629 0.9957407407407408 0.9956481481481481 0.9956481481481481 0.9956481481481481 0.9961111111111112

Test_f1:
0.4076923076923077 0.7227969914098441 0.9352404608833598 0.9750000000000001 0.9742714837942313 0.9827437446074202 0.9623195497920235 0.9786453839516824 0.9785087719298247 0.9785087719298247 0.9785087719298247 0.9785087719298247 0.9785087719298247 0.9872809496890899 0.9827437446074202 0.9827437446074202 0.9785087719298247 0.9785087719298247 0.9785087719298247 0.9744104112740868 0.9872809496890899
0.3970960322024152 0.8247460087082727 0.9075389526283923 0.909300843529848 0.9433970856102004 0.9588709677419356 0.9628257700018226 0.9574417601380502 0.9708902861308548 0.9708902861308548 0.9708902861308548 0.9657450076804917 0.9713070685704214 0.9713070685704214 0.9713070685704214 0.9589855242260928 0.9637608806963647 0.9708902861308548 0.9589855242260928 0.9708902861308548 0.9713070685704214
0.408695652173913 0.5761918461778209 0.9178432880159367 0.94797278249553 0.9703030128629393 0.9701731231384936 0.9752372603044726 0.9752372603044726 0.9752372603044726 0.9752372603044726 0.9719531880548828 0.9719531880548828 0.9719531880548828 0.9671727441754403 0.9633324983997105 0.9633324983997105 0.9633324983997105 0.9671727441754403 0.9671727441754403 0.9671727441754403 0.9838579499596449
0.41538461538461535 0.8465938943907299 0.8714035087719298 0.9421542004236226 0.9540656892600765 0.9496941045606229 0.9663458951450546 0.9623841465111749 0.9631080318009483 0.9624133944016708 0.962549766893391 0.9585836114200964 0.9625384136799835 0.9584472389283762 0.9625384136799835 0.9625384136799835 0.9584472389283762 0.9584472389283762 0.9584472389283762 0.9584472389283762 0.9708879706728571
0.4169354838709678 0.6664429217133941 0.9118277250503307 0.9476318484383002 0.9539478558858943 0.9450272492846453 0.9581851440214876 0.9412136899626115 0.9543715846994536 0.9543715846994536 0.9365144418423107 0.9412136899626115 0.9375251653724476 0.9506830601092897 0.947111631537861 0.9292544886807182 0.9292544886807182 0.9330947344564479 0.9377939825767486 0.9377939825767486 0.9581851440214876
0.4181122448979592 0.6981092398449728 0.9082893021340835 0.9432795698924732 0.9374768889436706 0.9458538587848933 0.9523521505376344 0.9586021505376344 0.9586021505376344 0.9586021505376344 0.963110347258946 0.9523521505376344 0.9523521505376344 0.9523521505376344 0.9523521505376344 0.9545037898818967 0.9545037898818967 0.9545037898818967 0.9545037898818967 0.9590119866032082 0.963110347258946
0.4504213009774183 0.8329670329670329 0.8709615109794764 0.960296442023137 0.9582881077620997 0.9554090082454934 0.9498955722639935 0.9556963645673324 0.9498955722639935 0.9462993421052632 0.9520871166263115 0.9599206349206351 0.9599206349206351 0.9599206349206351 0.9599206349206351 0.9599206349206351 0.9509214420231369 0.9473252118644068 0.9515625000000001 0.9515625000000001 0.9640166801183752
0.4006711409395973 0.7975723682890452 0.897516545954046 0.9202261397559633 0.953174386211565 0.9328282828282828 0.9467037200088049 0.9456707086017431 0.9492764778325122 0.9456707086017431 0.9456707086017431 0.9456707086017431 0.9456707086017431 0.9415980268974824 0.9415980268974824 0.9415980268974824 0.9411054354725139 0.9452037961282517 0.9415980268974824 0.9374996662417447 0.9567047565210369
0.4013986013986014 0.7467539490453307 0.8943011011976529 0.9458010666277031 0.9326509624215644 0.9381041226453266 0.9513906996957845 0.9632358301439767 0.9632358301439767 0.9674731182795699 0.9674731182795699 0.9711519174310254 0.9711519174310254 0.9596252780867631 0.92664564577822 0.9331349384453193 0.9336828225002413 0.9332629466378437 0.93764147771129 0.9415703912307207 0.9714392737528644
0.5134864347630305 0.7841013766999398 0.9178765880217786 0.9433634373289546 0.9509096252030114 0.9465380405035577 0.9470756749121599 0.9552930267225905 0.954876244283024 0.954876244283024 0.9585884818662292 0.9585884818662292 0.9590052643057958 0.9590052643057958 0.9585884818662292 0.9585884818662292 0.9542257108456053 0.9585884818662292 0.9585884818662292 0.9585884818662292 0.9590052643057958

Class AUC Score:
1.0 0.9988888888888889 0.9955555555555555 1.0
0.9996296296296296 1.0 0.9951851851851852 0.9981481481481481
1.0 1.0 1.0 0.9992592592592592
0.997037037037037 0.9933333333333334 0.9977777777777779 0.9985185185185185
1.0 0.9988888888888889 0.9896296296296296 0.9955555555555555
1.0 0.9888888888888889 0.9640740740740741 0.9992592592592592
1.0 0.9996296296296296 0.9944444444444445 0.9966666666666666
1.0 0.9892592592592592 0.9685185185185184 1.0
0.9870370370370369 0.9985185185185186 0.9966666666666667 1.0
0.9992592592592593 1.0 0.99 0.9925925925925926

Class F1 Score:
1.0 0.9836065573770492 0.9473684210526316 1.0
0.9666666666666667 0.9523809523809523 0.9491525423728815 0.967741935483871
0.983050847457627 0.9523809523809523 0.9655172413793104 0.9523809523809523
0.967741935483871 0.9491525423728815 0.9655172413793104 0.967741935483871
0.9285714285714286 0.9523809523809523 0.8852459016393444 0.9508196721311476
0.9836065573770492 0.9666666666666667 0.8749999999999999 0.967741935483871
1.0 0.9666666666666667 0.9523809523809523 0.9206349206349207
0.923076923076923 0.9310344827586207 0.912280701754386 1.0
0.9491525423728815 0.9523809523809523 0.9354838709677419 0.8955223880597014
0.9666666666666667 0.983050847457627 0.9354838709677419 0.9491525423728815

Os_mode: gsm, train_mode: preO2

Test_acc:
0.225 0.525 0.85 0.9166666666666666 0.95 0.9583333333333334 0.9666666666666667 0.9833333333333333 0.9833333333333333 0.9666666666666667 0.9666666666666667 0.975 0.9666666666666667 0.9666666666666667 0.9666666666666667 0.9666666666666667 0.975 0.975 0.975 0.975 0.9833333333333333
0.25833333333333336 0.5833333333333334 0.8583333333333333 0.9583333333333334 0.9583333333333334 0.975 0.975 0.9833333333333333 0.9916666666666667 0.9916666666666667 0.9916666666666667 0.9916666666666667 0.9916666666666667 0.9916666666666667 0.9916666666666667 0.9916666666666667 0.9916666666666667 0.9916666666666667 0.9916666666666667 0.9916666666666667 0.9916666666666667
0.25 0.39166666666666666 0.6833333333333333 0.875 0.9416666666666667 0.975 0.9666666666666667 0.9666666666666667 0.9666666666666667 0.975 0.975 0.975 0.975 0.975 0.975 0.975 0.975 0.975 0.975 0.975 0.975
0.35833333333333334 0.475 0.85 0.9083333333333333 0.9333333333333333 0.9333333333333333 0.95 0.9583333333333334 0.9583333333333334 0.9583333333333334 0.95 0.95 0.9583333333333334 0.9583333333333334 0.9583333333333334 0.9583333333333334 0.9583333333333334 0.95 0.95 0.95 0.9583333333333334
0.25 0.5166666666666667 0.8083333333333333 0.9333333333333333 0.9333333333333333 0.95 0.9416666666666667 0.9416666666666667 0.95 0.9416666666666667 0.95 0.9583333333333334 0.9583333333333334 0.9583333333333334 0.9583333333333334 0.9583333333333334 0.9583333333333334 0.9583333333333334 0.9583333333333334 0.9583333333333334 0.9583333333333334
0.21666666666666667 0.6083333333333333 0.9166666666666666 0.9333333333333333 0.9333333333333333 0.9416666666666667 0.9416666666666667 0.9416666666666667 0.95 0.95 0.95 0.95 0.9583333333333334 0.9583333333333334 0.9583333333333334 0.9583333333333334 0.9583333333333334 0.9583333333333334 0.9583333333333334 0.95 0.9583333333333334
0.25 0.26666666666666666 0.8416666666666667 0.9166666666666666 0.9416666666666667 0.9416666666666667 0.95 0.95 0.95 0.95 0.95 0.95 0.95 0.95 0.95 0.95 0.95 0.95 0.95 0.95 0.95
0.3333333333333333 0.5 0.6916666666666667 0.8833333333333333 0.9583333333333334 0.9583333333333334 0.9583333333333334 0.9583333333333334 0.9583333333333334 0.9583333333333334 0.9583333333333334 0.95 0.95 0.95 0.95 0.95 0.9333333333333333 0.9333333333333333 0.9333333333333333 0.9333333333333333 0.9666666666666667
0.25 0.38333333333333336 0.7916666666666666 0.875 0.925 0.9583333333333334 0.9583333333333334 0.9666666666666667 0.9666666666666667 0.9666666666666667 0.9666666666666667 0.9666666666666667 0.9666666666666667 0.9666666666666667 0.9666666666666667 0.9666666666666667 0.9666666666666667 0.9666666666666667 0.9666666666666667 0.9666666666666667 0.9666666666666667
0.30833333333333335 0.6916666666666667 0.7416666666666667 0.8833333333333333 0.9333333333333333 0.9416666666666667 0.95 0.95 0.95 0.95 0.95 0.95 0.95 0.9416666666666667 0.95 0.95 0.95 0.95 0.9583333333333334 0.9583333333333334 0.9583333333333334

Test_auc:
0.4930555555555556 0.9287962962962963 0.9836111111111111 0.9919444444444444 0.9964814814814815 0.9981481481481481 0.9985185185185186 0.9984259259259259 0.9987037037037036 0.9986111111111111 0.9985185185185185 0.9985185185185185 0.9985185185185185 0.9985185185185185 0.9985185185185185 0.9986111111111111 0.9985185185185186 0.9985185185185186 0.9985185185185186 0.9985185185185186 0.9987037037037036
0.5598148148148149 0.957037037037037 0.9922222222222222 0.9976851851851851 0.9993518518518518 0.999537037037037 0.9996296296296296 0.9994444444444445 0.9996296296296296 0.9996296296296296 0.9995370370370371 0.9995370370370371 0.9995370370370371 0.9995370370370371 0.9995370370370371 0.9995370370370371 0.9995370370370371 0.9995370370370371 0.9995370370370371 0.9994444444444446 0.9996296296296296
0.6600925925925927 0.972962962962963 0.9931481481481482 0.9952777777777778 0.9969444444444444 0.9982407407407408 0.9988888888888888 0.9988888888888889 0.9989814814814816 0.9989814814814816 0.9988888888888889 0.9988888888888889 0.9988888888888889 0.9988888888888889 0.9987962962962963 0.9987037037037036 0.9987037037037036 0.9987037037037036 0.9987037037037036 0.9987037037037036 0.9989814814814816
0.701111111111111 0.9697222222222223 0.9884259259259259 0.9910185185185185 0.994537037037037 0.9948148148148148 0.9956481481481482 0.9957407407407407 0.9961111111111112 0.995462962962963 0.9957407407407408 0.9952777777777778 0.9952777777777778 0.9955555555555555 0.9956481481481482 0.9961111111111112 0.9960185185185186 0.9956481481481483 0.9955555555555556 0.9956481481481483 0.9961111111111112
0.6575 0.9621296296296296 0.9910185185185185 0.9942592592592593 0.9945370370370371 0.9948148148148148 0.9940740740740741 0.9941666666666666 0.9938888888888888 0.994537037037037 0.9943518518518518 0.9939814814814814 0.9940740740740741 0.9944444444444445 0.994537037037037 0.9941666666666666 0.9941666666666666 0.9941666666666666 0.9941666666666666 0.994074074074074 0.9949074074074074
0.5561111111111111 0.9406481481481481 0.9727777777777777 0.9799074074074073 0.9833333333333334 0.9880555555555557 0.9896296296296296 0.9908333333333333 0.9903703703703703 0.9903703703703703 0.9908333333333333 0.9906481481481482 0.9904629629629629 0.99 0.9899074074074075 0.9896296296296296 0.9897222222222222 0.9899074074074075 0.9900925925925925 0.9903703703703703 0.9908333333333333
0.6038888888888889 0.962962962962963 0.9843518518518519 0.9887962962962964 0.9937037037037036 0.9949999999999999 0.9951851851851852 0.9956481481481481 0.9956481481481481 0.9957407407407408 0.9960185185185186 0.9961111111111112 0.9961111111111112 0.9962962962962962 0.9964814814814815 0.9964814814814815 0.9964814814814815 0.9965740740740741 0.9965740740740741 0.9966666666666666 0.9966666666666666
0.5370370370370371 0.9749074074074074 0.9961111111111112 0.9965740740740741 0.9969444444444444 0.9973148148148149 0.9978703703703704 0.9981481481481482 0.9979629629629629 0.9982407407407408 0.9977777777777779 0.9972222222222222 0.9969444444444444 0.9968518518518519 0.9966666666666667 0.9964814814814815 0.9963888888888889 0.9964814814814815 0.9962962962962962 0.9960185185185185 0.9983333333333333
0.6305555555555555 0.9807407407407409 0.9952777777777779 0.9976851851851852 0.9983333333333333 0.9986111111111111 0.9985185185185186 0.9987037037037036 0.9987037037037036 0.9988888888888889 0.9989814814814815 0.9987962962962963 0.9987962962962963 0.9988888888888889 0.9989814814814815 0.9989814814814815 0.9990740740740741 0.9991666666666666 0.9991666666666666 0.9991666666666666 0.9991666666666666
0.6867592592592593 0.9712037037037037 0.9890740740740741 0.9939814814814815 0.995925925925926 0.9956481481481482 0.995462962962963 0.9952777777777777 0.9956481481481481 0.9962962962962962 0.9962962962962963 0.9961111111111112 0.9961111111111112 0.9960185185185185 0.9962037037037037 0.9962037037037037 0.9962037037037037 0.9962037037037037 0.9962962962962965 0.9962962962962965 0.9963888888888888

Test_f1:
0.45378652355396537 0.5274075873921076 0.8503470017373153 0.9179615210199898 0.9608139200460167 0.9659555815312684 0.9603650586701434 0.9570512820512821 0.9647435897435898 0.9647435897435898 0.9682291666666667 0.9674468657519506 0.9682291666666667 0.9638506355932204 0.9638506355932204 0.9638506355932204 0.9638506355932204 0.9638506355932204 0.9682291666666667 0.964130806010929 0.9789548022598871
0.4004101014461472 0.6717535153019024 0.8859201868047011 0.9352220360284877 0.9436293414303939 0.9626912493613818 0.9576804915514594 0.9580012085983138 0.9625384136799835 0.9669218151995627 0.9669218151995627 0.9669218151995627 0.9755353189506046 0.9793625469440437 0.9657426922224941 0.9704419403427949 0.9704419403427949 0.9746792284783881 0.9746792284783881 0.9746792284783881 0.9793625469440437
0.39598155467720686 0.8380380109032861 0.9312398643667994 0.9477598566308244 0.9660919540229886 0.9667757018155766 0.9796336796063423 0.9710129899511699 0.9753963914707491 0.9755353189506045 0.9714392737528644 0.975663544106167 0.975663544106167 0.9753963914707491 0.9753963914707491 0.9753963914707491 0.9753963914707491 0.9664757848695003 0.9753963914707491 0.9753963914707491 0.9796336796063423
0.46171161621164414 0.7078941645523741 0.9190581664098613 0.9325029527842594 0.9326814663751811 0.944053268416944 0.9307622726568283 0.9107503782497719 0.9503471794239697 0.9503471794239697 0.9430211720979624 0.9503471794239697 0.9376509064111337 0.9371705124881169 0.9410107582638465 0.9410107582638465 0.9261242670668715 0.9298445051621096 0.9449769137371411 0.9496525420246922 0.9547099504445937
0.4381578947368421 0.7403810475239047 0.9131662053793201 0.9029064685314686 0.9383455161820011 0.9421567535973726 0.9364773636072347 0.9265567286865998 0.9325323022396135 0.9581851440214875 0.9304073662437098 0.9403280011643447 0.9450272492846454 0.9495644543663151 0.9495644543663151 0.9349271402550091 0.9399776453055142 0.9495470232959448 0.9495470232959448 0.9540842283776145 0.9581851440214875
0.408695652173913 0.7600737577639751 0.8626830404799584 0.9202015027322404 0.9407375193668995 0.9344022367158273 0.9500593730576197 0.9388844049861 0.9271105700491606 0.9364277859237538 0.9328220166929845 0.9458301882476726 0.9458301882476726 0.9394949055966005 0.9314303894675683 0.9285914508548035 0.9325576063280981 0.9375900738605656 0.9375900738605656 0.9273387511092429 0.9500593730576197
0.4 0.8018426720958366 0.910212514228863 0.8800370781652895 0.9353212592723568 0.9442806004149209 0.9390198087431695 0.9354140395124001 0.9516066077409282 0.9562029019037547 0.9562029019037547 0.9562029019037547 0.948656714029698 0.9562029019037547 0.94813166347731 0.94813166347731 0.9523689516129032 0.9523689516129032 0.9523689516129032 0.9523689516129032 0.9562029019037547
0.4022727272727272 0.6830332787779597 0.9102630122507407 0.9461324168814602 0.9392549674265706 0.9513721605782465 0.9547118087445381 0.9547118087445381 0.9541686530006885 0.9584221647958222 0.9589899310655077 0.9670500403551251 0.9708902861308548 0.9708902861308548 0.9708902861308548 0.9670500403551251 0.9418012841362197 0.9450803433854282 0.9450803433854282 0.9450803433854282 0.9708902861308548
0.44303462135744953 0.7206821113689401 0.9367376775271512 0.9661016949152543 0.9631080318009483 0.9588461331395193 0.9670697804348282 0.9624224321570808 0.9666574048346763 0.9666574048346763 0.9666574048346763 0.9666574048346763 0.9666574048346763 0.9666574048346763 0.9666574048346763 0.9666574048346763 0.9667963323145319 0.9666574048346763 0.9708946929702695 0.9667963323145319 0.9708946929702695
0.4189979330175655 0.8105646835785862 0.890757788741582 0.9328056461373606 0.9391002486445664 0.9391308060109289 0.947363031233999 0.9441506086898036 0.9514590764317391 0.9509214420231369 0.9509214420231369 0.9552930267225905 0.9513312780887108 0.9513312780887108 0.9513312780887108 0.9513312780887108 0.9424399193779578 0.9424399193779578 0.9509214420231369 0.9469596933892572 0.9552930267225905

Class AUC Score:
1.0 0.9992592592592593 0.9951851851851852 1.0
1.0 1.0 0.9996296296296296 0.9985185185185186
1.0 1.0 0.9992592592592592 0.9955555555555555
1.0 1.0 0.9859259259259259 0.9981481481481482
1.0 0.9985185185185185 0.9907407407407407 0.9874074074074075
1.0 0.9888888888888889 0.9725925925925927 0.9974074074074074
1.0 0.9992592592592593 0.9907407407407407 0.9959259259259259
0.9985185185185186 0.991111111111111 0.9966666666666667 1.0
1.0 0.9981481481481482 0.9977777777777779 1.0
0.9988888888888888 0.9996296296296296 0.9922222222222223 0.9940740740740741

Class F1 Score:
1.0 0.9491525423728815 0.90625 1.0
0.967741935483871 0.983050847457627 0.9285714285714286 0.9836065573770492
0.983050847457627 1.0 0.983050847457627 0.9354838709677419
0.967741935483871 0.9473684210526316 0.896551724137931 0.9375
0.9655172413793104 0.9666666666666667 0.9333333333333333 0.9508196721311476
0.967741935483871 0.9508196721311476 0.8727272727272728 0.923076923076923
0.983050847457627 0.967741935483871 0.9354838709677419 0.90625
0.9523809523809523 0.9491525423728815 0.9666666666666667 1.0
0.9836065573770492 0.9491525423728815 0.9508196721311476 0.983050847457627
0.9508196721311476 0.983050847457627 0.9206349206349207 0.9508196721311476

