
Class Sample Num: 200

Im_ratio: [0.1, 0.5]

Os_mode: kmeans, train_mode: 

Test_acc:
0.24333619948409285 0.24333619948409285 0.24333619948409285 0.24333619948409285 0.24333619948409285 0.24333619948409285 0.24333619948409285 0.45399828030954426 0.37833190025795355 0.37833190025795355 0.37833190025795355 0.37833190025795355 0.37833190025795355 0.37833190025795355 0.37833190025795355 0.37833190025795355 0.37833190025795355 0.37833190025795355 0.37833190025795355 0.37833190025795355 0.45399828030954426
0.24333619948409285 0.24333619948409285 0.24333619948409285 0.24333619948409285 0.24333619948409285 0.24333619948409285 0.37833190025795355 0.37833190025795355 0.37833190025795355 0.37833190025795355 0.37833190025795355 0.37833190025795355 0.37833190025795355 0.37833190025795355 0.37833190025795355 0.37833190025795355 0.37833190025795355 0.37833190025795355 0.37833190025795355 0.37833190025795355 0.4591573516766982
0.37833190025795355 0.37833190025795355 0.37833190025795355 0.37833190025795355 0.37833190025795355 0.37833190025795355 0.37833190025795355 0.37833190025795355 0.37833190025795355 0.37833190025795355 0.37833190025795355 0.37833190025795355 0.468615649183147 0.37833190025795355 0.37833190025795355 0.37833190025795355 0.37833190025795355 0.37833190025795355 0.37833190025795355 0.37833190025795355 0.468615649183147
0.37833190025795355 0.37833190025795355 0.37833190025795355 0.37833190025795355 0.37833190025795355 0.38435081685296646 0.3766122098022356 0.37833190025795355 0.37833190025795355 0.37833190025795355 0.37833190025795355 0.37833190025795355 0.37833190025795355 0.37833190025795355 0.37833190025795355 0.37833190025795355 0.37833190025795355 0.37833190025795355 0.37833190025795355 0.37833190025795355 0.45399828030954426
0.37833190025795355 0.37833190025795355 0.37833190025795355 0.37833190025795355 0.37833190025795355 0.37833190025795355 0.37833190025795355 0.37833190025795355 0.37833190025795355 0.37833190025795355 0.37833190025795355 0.37833190025795355 0.37833190025795355 0.37833190025795355 0.37833190025795355 0.37833190025795355 0.37833190025795355 0.37833190025795355 0.37833190025795355 0.37833190025795355 0.37833190025795355
0.37833190025795355 0.37833190025795355 0.37833190025795355 0.37833190025795355 0.37833190025795355 0.37833190025795355 0.37833190025795355 0.37833190025795355 0.3826311263972485 0.37833190025795355 0.37833190025795355 0.37833190025795355 0.37833190025795355 0.37833190025795355 0.37833190025795355 0.37833190025795355 0.37833190025795355 0.37833190025795355 0.37833190025795355 0.37833190025795355 0.4995700773860705
0.24333619948409285 0.24333619948409285 0.24333619948409285 0.4299226139294927 0.37833190025795355 0.37833190025795355 0.37833190025795355 0.37833190025795355 0.37833190025795355 0.37833190025795355 0.37833190025795355 0.37833190025795355 0.37833190025795355 0.37833190025795355 0.37833190025795355 0.37833190025795355 0.37833190025795355 0.37833190025795355 0.37833190025795355 0.37833190025795355 0.4643164230438521
0.37833190025795355 0.37833190025795355 0.37833190025795355 0.37833190025795355 0.37833190025795355 0.37833190025795355 0.37833190025795355 0.37833190025795355 0.37833190025795355 0.37833190025795355 0.37833190025795355 0.37833190025795355 0.37833190025795355 0.37833190025795355 0.37833190025795355 0.37833190025795355 0.37833190025795355 0.37833190025795355 0.37833190025795355 0.37833190025795355 0.37833190025795355
0.37833190025795355 0.37833190025795355 0.37833190025795355 0.37833190025795355 0.37833190025795355 0.37833190025795355 0.37833190025795355 0.37833190025795355 0.37833190025795355 0.37833190025795355 0.37833190025795355 0.37833190025795355 0.37833190025795355 0.37833190025795355 0.37833190025795355 0.37833190025795355 0.37833190025795355 0.37833190025795355 0.37833190025795355 0.37833190025795355 0.37833190025795355
0.37833190025795355 0.37833190025795355 0.37833190025795355 0.37833190025795355 0.3826311263972485 0.37833190025795355 0.37833190025795355 0.37833190025795355 0.37833190025795355 0.37833190025795355 0.37833190025795355 0.37833190025795355 0.37833190025795355 0.37833190025795355 0.37833190025795355 0.37833190025795355 0.37833190025795355 0.37833190025795355 0.37833190025795355 0.37833190025795355 0.49097162510748066

Test_auc:
0.43173890552075894 0.4661616791050247 0.5077157353856143 0.5397894517066327 0.564830912900096 0.5877716424615939 0.6013993430485374 0.6126196017326173 0.6227160539903381 0.6268904663988092 0.6291387688521063 0.6284099610091501 0.6313189767193806 0.6349972932483049 0.6338944256873087 0.636370754522632 0.6366697912515178 0.6358042499611603 0.6350796102677435 0.6342671173118514 0.6369475040494827
0.5250293195950828 0.5492806827271587 0.5665960617494091 0.5807406684175301 0.5920545924473538 0.6079983670258292 0.6162540698467454 0.6184762017266635 0.618751008020175 0.6180608381736814 0.6191300698879179 0.6210836268717703 0.6245418108626105 0.6244889411763486 0.6256431733356319 0.6256289657124298 0.6237402071163966 0.6241312874726178 0.6238910491436958 0.6258038225013651 0.6287640584102984
0.5550639499476977 0.5710497549872283 0.5913357416962464 0.610208157369481 0.6309808910106001 0.6444844949650457 0.6552271140728576 0.6592132599694585 0.6636723580096672 0.6701337173473663 0.6732841765676648 0.6759577894837707 0.6789447587542062 0.6780965139422612 0.6761761235065196 0.6726673644869142 0.6692912374111332 0.6649791788758367 0.661204848656647 0.6529213322542612 0.6792482126293505
0.43731727065680487 0.4687777793328502 0.49478880968386557 0.5223273525247046 0.5418516980724656 0.5555797387833735 0.5707716367596615 0.584221606450559 0.5969078902450602 0.6067986369641906 0.6161965025458016 0.6186977384581412 0.6221511452294005 0.6235889966850299 0.6294500878764034 0.6270571072216528 0.6289276288906986 0.6277000750655685 0.6275265947008758 0.6193926559037881 0.6300989881365745
0.502307219334971 0.5321488874123105 0.5606772838497434 0.5873465995082713 0.6040136965967758 0.6190116455672956 0.630080689191817 0.6340094427331243 0.635841244949532 0.6383652015810791 0.6392896773402397 0.6395524003505874 0.6387989066581834 0.6371358418355069 0.6362111818743125 0.6338789258729548 0.6307881536654464 0.6313162118375965 0.6292125968421366 0.626331851978726 0.6397329137155464
0.555287026941408 0.5865532367203847 0.6092768087454904 0.6307426474323458 0.6466368698124448 0.6586894208569575 0.6691360411809842 0.6794313548072548 0.6868218893700728 0.6913366812191827 0.6946106659531107 0.6955638494603972 0.6933037997306615 0.6894820657197313 0.6854371917716823 0.6804909358159398 0.675701390434705 0.6706428221484377 0.665922849597688 0.6613569116009441 0.6956217916448771
0.5391298510670093 0.5543761682481754 0.5659013553493085 0.5779448536506511 0.58782370776812 0.5991764734348455 0.6042088757759255 0.6122438175503107 0.6186360724305353 0.6265387108627142 0.6286188248258282 0.6303440981001902 0.6310999567986064 0.629999363531063 0.6304922668839029 0.6256419533442722 0.6201253199561557 0.6174803675806197 0.6140013400651679 0.6157169561545102 0.6312730178491215
0.5113053526186013 0.5326702189704916 0.5520760846593288 0.5724894901169222 0.5879446350148702 0.5996348615844825 0.6073441008400797 0.613535894848667 0.6186010879286835 0.6217366573303079 0.6237050337843192 0.6223415619991833 0.6217668784971542 0.6183111224557348 0.6162380498236325 0.6093542059970406 0.6061047090259515 0.5855807490250806 0.5705909364157535 0.5572477076380863 0.6238930207534045
0.4681900350735482 0.5040058842090095 0.5336382515683646 0.5614071145230881 0.5880696785754115 0.6080676982647021 0.6220599846610616 0.6320531569673836 0.640707961726557 0.6433189524306301 0.6441069298545327 0.6466144119745317 0.6457259574321873 0.6440022558917623 0.639892363253964 0.6331821664069696 0.6268079549953148 0.61996821876226 0.6158882686741615 0.6125764753157427 0.6466728234576606
0.5382209519501867 0.5644998194634941 0.58984132448038 0.6135053987672274 0.6344061528218566 0.6499602336503756 0.6620052314858629 0.6723027749749448 0.681707231101686 0.6902517173553638 0.6923748485100258 0.6909628297697737 0.6882536186535827 0.6858575769127725 0.6810803184551407 0.6800518833260245 0.6733488166713245 0.657020217200671 0.6178912982514914 0.5904070672414807 0.692458187434215

Test_f1:
0.49645532653016033 0.49645532653016033 0.49645532653016033 0.49645532653016033 0.49645532653016033 0.49645532653016033 0.49645532653016033 0.49645532653016033 0.49645532653016033 0.4973639259257972 0.49645532653016033 0.49645532653016033 0.49645532653016033 0.49645532653016033 0.49645532653016033 0.49725096433404437 0.49645532653016033 0.49645532653016033 0.4982631658286367 0.49645532653016033 0.5159500950896183
0.49645532653016033 0.49645532653016033 0.49744244162079143 0.49645532653016033 0.49645532653016033 0.49645532653016033 0.49645532653016033 0.49645532653016033 0.49645532653016033 0.49645532653016033 0.49645532653016033 0.49645532653016033 0.4974554823527025 0.49645532653016033 0.49645532653016033 0.49645532653016033 0.49645532653016033 0.5071362871190157 0.49645532653016033 0.49645532653016033 0.5190612034123734
0.49645532653016033 0.49645532653016033 0.49645532653016033 0.49645532653016033 0.49645532653016033 0.49645532653016033 0.49645532653016033 0.49645532653016033 0.49645532653016033 0.49645532653016033 0.49645532653016033 0.49645532653016033 0.49645532653016033 0.49645532653016033 0.49645532653016033 0.49645532653016033 0.49645532653016033 0.49645532653016033 0.4994104750715927 0.49435398876070025 0.5293705800095768
0.49645532653016033 0.49645532653016033 0.49645532653016033 0.49645532653016033 0.49645532653016033 0.49645532653016033 0.49645532653016033 0.49645532653016033 0.49671758822629447 0.49645532653016033 0.49645532653016033 0.49645532653016033 0.49645532653016033 0.49645532653016033 0.49645532653016033 0.49645532653016033 0.49645532653016033 0.49645532653016033 0.49645532653016033 0.49645532653016033 0.5050434195954207
0.49645532653016033 0.49645532653016033 0.49645532653016033 0.49645532653016033 0.49645532653016033 0.49645532653016033 0.49645532653016033 0.49645532653016033 0.49645532653016033 0.49645532653016033 0.49645532653016033 0.49645532653016033 0.501746864190442 0.49645532653016033 0.49645532653016033 0.49645532653016033 0.49645532653016033 0.4966994075650639 0.49645532653016033 0.498452954512298 0.5194395728135532
0.49645532653016033 0.49645532653016033 0.49645532653016033 0.49567029357125786 0.49645532653016033 0.49645532653016033 0.49645532653016033 0.49645532653016033 0.49645532653016033 0.49645532653016033 0.49645532653016033 0.49645532653016033 0.49281150510056954 0.49699897183521635 0.49645532653016033 0.49645532653016033 0.49645532653016033 0.49645532653016033 0.49645532653016033 0.5218070115822805 0.5273236146598591
0.49645532653016033 0.49645532653016033 0.49645532653016033 0.49645532653016033 0.49645532653016033 0.49645532653016033 0.49645532653016033 0.49645532653016033 0.49645532653016033 0.49645532653016033 0.49645532653016033 0.49645532653016033 0.49645532653016033 0.49645532653016033 0.49645532653016033 0.49645532653016033 0.49645532653016033 0.49645532653016033 0.49645532653016033 0.49645532653016033 0.5067945347248387
0.49645532653016033 0.49645532653016033 0.49645532653016033 0.49645532653016033 0.49645532653016033 0.49645532653016033 0.49645532653016033 0.49645532653016033 0.49645532653016033 0.49645532653016033 0.49645532653016033 0.49645532653016033 0.49645532653016033 0.49645532653016033 0.49645532653016033 0.49645532653016033 0.49645532653016033 0.4966360396509546 0.49645532653016033 0.49645532653016033 0.5053062960133271
0.49645532653016033 0.49645532653016033 0.49645532653016033 0.49645532653016033 0.49645532653016033 0.49775384721788357 0.49645532653016033 0.49645532653016033 0.49645532653016033 0.49645532653016033 0.49645532653016033 0.49645532653016033 0.49645532653016033 0.49645532653016033 0.49645532653016033 0.49645532653016033 0.498744796607357 0.49645532653016033 0.5132280048195685 0.49921827566626803 0.5156550737071534
0.49645532653016033 0.49645532653016033 0.49645532653016033 0.49645532653016033 0.49645532653016033 0.49645532653016033 0.49645532653016033 0.49645532653016033 0.49645532653016033 0.49645532653016033 0.49645532653016033 0.49645532653016033 0.49645532653016033 0.5174367639963094 0.49645532653016033 0.49645532653016033 0.49645532653016033 0.49608474722697515 0.49645532653016033 0.5000828325524584 0.5249097715935694

Class AUC Score:
0.670840025698683 0.740935810386018 0.4982883817427386
0.6798345647285577 0.6651703759587577 0.5327675091160569
0.7218880501124318 0.7614280774550484 0.5359707028794166
0.6126827015740443 0.6953240915377844 0.5731547843581039
0.6648329585608737 0.7038145982648059 0.5344115428140325
0.7115362993896563 0.7655853137180938 0.5663963284295235
0.6079163989720526 0.692351942663146 0.5783336476801207
0.5951072116929008 0.6757450018860807 0.5589604551741482
0.6594302120141343 0.709846913114548 0.5305623664026153
0.6835929971088982 0.7706525839305923 0.587201370551993

Class F1 Score:
0.39305555555555555 0.5489706799750468 0.5489706799750468
0.3914246196403873 0.5489706799750468 0.5489706799750468
0.3914246196403873 0.5489706799750468 0.5489706799750468
0.3914246196403873 0.5489706799750468 0.5489706799750468
0.3914246196403873 0.5489706799750468 0.5489706799750468
0.3914246196403873 0.5489706799750468 0.5489706799750468
0.3914246196403873 0.5489706799750468 0.5489706799750468
0.3914246196403873 0.5489706799750468 0.5489706799750468
0.3914246196403873 0.5489706799750468 0.5489706799750468
0.3914246196403873 0.5489706799750468 0.5489706799750468

Os_mode: bsm, train_mode: 

Test_acc:
0.37833190025795355 0.37833190025795355 0.37833190025795355 0.37833190025795355 0.37833190025795355 0.37833190025795355 0.37833190025795355 0.37833190025795355 0.37833190025795355 0.37833190025795355 0.37833190025795355 0.37833190025795355 0.37833190025795355 0.37833190025795355 0.37833190025795355 0.37833190025795355 0.37833190025795355 0.37833190025795355 0.37833190025795355 0.37833190025795355 0.37833190025795355
0.37833190025795355 0.37833190025795355 0.37833190025795355 0.37833190025795355 0.37833190025795355 0.37833190025795355 0.37833190025795355 0.39724849527085127 0.37833190025795355 0.37833190025795355 0.37833190025795355 0.37833190025795355 0.37833190025795355 0.37833190025795355 0.37833190025795355 0.37833190025795355 0.37833190025795355 0.37833190025795355 0.37833190025795355 0.37833190025795355 0.49183147033533964
0.37833190025795355 0.37833190025795355 0.37833190025795355 0.37833190025795355 0.37833190025795355 0.37833190025795355 0.37833190025795355 0.37833190025795355 0.37833190025795355 0.37833190025795355 0.37833190025795355 0.37833190025795355 0.37833190025795355 0.37833190025795355 0.37833190025795355 0.37833190025795355 0.37833190025795355 0.37833190025795355 0.37833190025795355 0.37833190025795355 0.37833190025795355
0.37833190025795355 0.37833190025795355 0.37833190025795355 0.37833190025795355 0.37833190025795355 0.37833190025795355 0.37833190025795355 0.37833190025795355 0.37833190025795355 0.37833190025795355 0.37833190025795355 0.37833190025795355 0.37833190025795355 0.37833190025795355 0.37833190025795355 0.37833190025795355 0.37833190025795355 0.37833190025795355 0.37833190025795355 0.37833190025795355 0.37833190025795355
0.37833190025795355 0.37833190025795355 0.37833190025795355 0.37833190025795355 0.37833190025795355 0.3860705073086844 0.37833190025795355 0.37833190025795355 0.37833190025795355 0.37833190025795355 0.37833190025795355 0.37833190025795355 0.37833190025795355 0.37833190025795355 0.37833190025795355 0.37833190025795355 0.37833190025795355 0.37833190025795355 0.37833190025795355 0.37833190025795355 0.45571797076526227
0.37833190025795355 0.37833190025795355 0.37833190025795355 0.37833190025795355 0.37833190025795355 0.37833190025795355 0.37833190025795355 0.37833190025795355 0.37833190025795355 0.37833190025795355 0.37833190025795355 0.37833190025795355 0.37833190025795355 0.37833190025795355 0.37833190025795355 0.37833190025795355 0.37833190025795355 0.37833190025795355 0.37833190025795355 0.37833190025795355 0.37833190025795355
0.37833190025795355 0.37833190025795355 0.37833190025795355 0.37833190025795355 0.37833190025795355 0.37833190025795355 0.37833190025795355 0.37833190025795355 0.37833190025795355 0.37833190025795355 0.37833190025795355 0.37833190025795355 0.37833190025795355 0.37833190025795355 0.37833190025795355 0.37833190025795355 0.37833190025795355 0.37833190025795355 0.37833190025795355 0.37833190025795355 0.37833190025795355
0.37833190025795355 0.37833190025795355 0.37833190025795355 0.37833190025795355 0.37833190025795355 0.37833190025795355 0.37833190025795355 0.37833190025795355 0.37833190025795355 0.37833190025795355 0.37833190025795355 0.37833190025795355 0.37833190025795355 0.37833190025795355 0.37833190025795355 0.37833190025795355 0.37833190025795355 0.37833190025795355 0.37833190025795355 0.37833190025795355 0.37833190025795355
0.37833190025795355 0.37833190025795355 0.37833190025795355 0.37833190025795355 0.37833190025795355 0.37833190025795355 0.37833190025795355 0.37833190025795355 0.37833190025795355 0.37833190025795355 0.37833190025795355 0.4419604471195185 0.37833190025795355 0.37833190025795355 0.37833190025795355 0.37833190025795355 0.37833190025795355 0.37833190025795355 0.37833190025795355 0.37833190025795355 0.5038693035253654
0.37833190025795355 0.37833190025795355 0.37833190025795355 0.37833190025795355 0.37833190025795355 0.37833190025795355 0.37833190025795355 0.37833190025795355 0.37833190025795355 0.37833190025795355 0.37833190025795355 0.3963886500429923 0.37833190025795355 0.37833190025795355 0.37833190025795355 0.37833190025795355 0.37833190025795355 0.37833190025795355 0.37833190025795355 0.37833190025795355 0.4935511607910576

Test_auc:
0.4890797416343397 0.5226518517136233 0.5515133289332188 0.573618740222482 0.594908080963588 0.6120798009122203 0.624140202295672 0.6342221525771919 0.6421429825800785 0.6465833021948589 0.6453650963915359 0.6447602194918113 0.6446464224373555 0.6413916308148416 0.6373824161590095 0.6320516666896226 0.6297896907064576 0.6277842507668359 0.6299047151573799 0.6289542011911262 0.6473766316597643
0.4604548473977788 0.4837901645592473 0.5080852289296199 0.5342097916025198 0.5586015472304382 0.5808614836620386 0.5966158661523968 0.6108138386489411 0.6171257073913482 0.6182813159748742 0.6208684215066815 0.6218038512702054 0.6217903360244973 0.6215569538989146 0.6215295957315187 0.6189669751856349 0.6188553598607959 0.6188472373841786 0.6166706043322541 0.6171133751114654 0.6239232252587604
0.49076039543715094 0.5104165380029345 0.5375355121157176 0.5644953180841449 0.5909103895797113 0.6141073487984549 0.6285397086638418 0.6432541271992983 0.6555744145115214 0.6645201279691332 0.6677591735574889 0.6706095445237236 0.672263787087182 0.6715114976502855 0.6694322324975485 0.6668877054047061 0.6645035423809817 0.6613571041337232 0.6519903511087 0.625265783170769 0.6733556987925381
0.49243084130011755 0.5254952822434275 0.5521406932912842 0.5751501431703365 0.5951309691270726 0.6104691818334363 0.6196047955546254 0.6279921260017444 0.6362658371169726 0.6430863663540378 0.6452733443402843 0.6468816345129521 0.6485212334775403 0.6502105568092401 0.6512232144324941 0.6503700165296796 0.6437092348865842 0.6415745943445421 0.6375166800032641 0.6327703461976332 0.6515327219825189
0.4904108003409904 0.5186594327658504 0.5500839433660388 0.5776597126048396 0.6021174060813996 0.621518887021321 0.6353190636553355 0.643812433381807 0.6483542492428648 0.6504800416078146 0.6513580845698751 0.6518240814668391 0.6532324411586504 0.6514232291464416 0.6471638681286717 0.645469003000105 0.6403270143334729 0.6279385963353311 0.6197357539442931 0.603599152233743 0.6536724859328887
0.5134217025466311 0.5646374054238261 0.5988239348086971 0.6221761559779132 0.6418321559953893 0.6568174292741943 0.6666697388603867 0.6715709671380609 0.6691913286346449 0.6684187917842414 0.6668396990223925 0.6645778156030638 0.6614317689008319 0.6580671882379652 0.654161259087362 0.6508939296932494 0.6495154912614555 0.6469935451164283 0.6451716407510141 0.6445272520522143 0.6715709671380609
0.47777833686334786 0.5112013108668315 0.5364404217682299 0.5637864142428641 0.5857204454408756 0.5996050153011724 0.6134219006332404 0.6231835596778305 0.625841935660877 0.6262372767304735 0.6265310039977211 0.6244211252074726 0.6216457957431595 0.6148260708858299 0.6108809428019177 0.6014321263823669 0.5981272919731455 0.5944845245854732 0.5922419666438442 0.593003135729537 0.6267997991957165
0.5564976656511303 0.5880587486376455 0.6141734838080674 0.634806714491809 0.6494139644691123 0.6602987051652249 0.6696824038517221 0.673782755934934 0.6767600208127934 0.6751700925282916 0.6686497209681675 0.6591299386323982 0.6503508585925232 0.6443206912237783 0.6397495566932762 0.6358230330147805 0.6317969884022697 0.6271579749594829 0.6253618070430563 0.6237452768376995 0.6767600208127934
0.508608391400479 0.5462479258295608 0.5703244479085534 0.5873816182587425 0.6045412095679312 0.6196208831493387 0.6301425597855007 0.6382484517402519 0.6447811768699413 0.6506123477269359 0.654526780717161 0.6558775379337707 0.6560507248711029 0.6545051596563259 0.6507172947530226 0.646327290062628 0.6393710002240786 0.635770818680478 0.6286938376329606 0.6269130945541808 0.6560507248711029
0.4858326587280959 0.5097637907897354 0.5373383557730288 0.5675214835109744 0.5880146308620863 0.6106519204330151 0.6301048242864402 0.6414495665198531 0.6549512210799106 0.6655669434991826 0.6715183714407539 0.678070219333342 0.6810265638586056 0.6792974436312155 0.6753803438768725 0.6730722016804558 0.6686606175829523 0.664814082017779 0.6602819474083385 0.6554424286632731 0.681351298159668

Test_f1:
0.49645532653016033 0.49645532653016033 0.49645532653016033 0.49645532653016033 0.4944141331279545 0.49645532653016033 0.49645532653016033 0.49645532653016033 0.49645532653016033 0.49645532653016033 0.49645532653016033 0.4943868576424437 0.49645532653016033 0.49645532653016033 0.49645532653016033 0.49645532653016033 0.4939856708205939 0.517980453316698 0.49645532653016033 0.49494194592938334 0.517980453316698
0.49645532653016033 0.49645532653016033 0.49645532653016033 0.49645532653016033 0.49645532653016033 0.49645532653016033 0.49645532653016033 0.49645532653016033 0.49645532653016033 0.49645532653016033 0.49645532653016033 0.49645532653016033 0.49645532653016033 0.49645532653016033 0.49645532653016033 0.49645532653016033 0.49645532653016033 0.5177045912477323 0.49645532653016033 0.49645532653016033 0.5179078909584213
0.49645532653016033 0.49645532653016033 0.49645532653016033 0.49645532653016033 0.49645532653016033 0.49645532653016033 0.49645532653016033 0.49645532653016033 0.49645532653016033 0.49645532653016033 0.49645532653016033 0.49645532653016033 0.49645532653016033 0.49645532653016033 0.49645532653016033 0.49645532653016033 0.49645532653016033 0.49645532653016033 0.49645532653016033 0.49645532653016033 0.5291089449368096
0.49645532653016033 0.49645532653016033 0.49645532653016033 0.49645532653016033 0.49645532653016033 0.49645532653016033 0.49645532653016033 0.49645532653016033 0.49645532653016033 0.49645532653016033 0.49645532653016033 0.49645532653016033 0.49645532653016033 0.49645532653016033 0.49645532653016033 0.49645532653016033 0.49645532653016033 0.49751582118989396 0.49645532653016033 0.49645532653016033 0.5064439114272148
0.49645532653016033 0.49645532653016033 0.49645532653016033 0.49645532653016033 0.49645532653016033 0.49645532653016033 0.49645532653016033 0.49645532653016033 0.49645532653016033 0.49645532653016033 0.49645532653016033 0.4970702859864078 0.49645532653016033 0.49645532653016033 0.49645532653016033 0.49645532653016033 0.49645532653016033 0.49645532653016033 0.49645532653016033 0.49645532653016033 0.5058178516906816
0.49645532653016033 0.49645532653016033 0.49645532653016033 0.49645532653016033 0.49645532653016033 0.49645532653016033 0.49645532653016033 0.49645532653016033 0.49645532653016033 0.49645532653016033 0.49645532653016033 0.49645532653016033 0.49645532653016033 0.49645532653016033 0.49645532653016033 0.505872843785568 0.49645532653016033 0.4978355168003678 0.49865281455072985 0.49743585237773075 0.5334468476629152
0.49645532653016033 0.49645532653016033 0.49645532653016033 0.49645532653016033 0.49645532653016033 0.4954770350806775 0.49645532653016033 0.49645532653016033 0.49645532653016033 0.49645532653016033 0.49645532653016033 0.49645532653016033 0.49645532653016033 0.49645532653016033 0.49645532653016033 0.49645532653016033 0.49645532653016033 0.49645532653016033 0.49645532653016033 0.49645532653016033 0.5065923337044965
0.49645532653016033 0.49645532653016033 0.49645532653016033 0.49645532653016033 0.49645532653016033 0.49645532653016033 0.498480390391689 0.49645532653016033 0.49645532653016033 0.49645532653016033 0.49645532653016033 0.49645532653016033 0.49645532653016033 0.5261807036295889 0.49645532653016033 0.49645532653016033 0.4970900201455142 0.49645532653016033 0.4974554823527025 0.49737314584882286 0.5304694995242719
0.49645532653016033 0.49645532653016033 0.49645532653016033 0.49645532653016033 0.49645532653016033 0.49645532653016033 0.49645532653016033 0.49645532653016033 0.49645532653016033 0.49645532653016033 0.49645532653016033 0.49645532653016033 0.49645532653016033 0.49645532653016033 0.49645532653016033 0.49645532653016033 0.4965456205600658 0.49645532653016033 0.49645532653016033 0.49645532653016033 0.5162653536015981
0.49645532653016033 0.49645532653016033 0.49645532653016033 0.49645532653016033 0.49645532653016033 0.49645532653016033 0.49645532653016033 0.49645532653016033 0.49645532653016033 0.49645532653016033 0.49645532653016033 0.49645532653016033 0.49645532653016033 0.49645532653016033 0.49645532653016033 0.49875080283581585 0.49645532653016033 0.49645532653016033 0.49647996186756504 0.49645532653016033 0.5211686994140349

Class AUC Score:
0.6749498072598781 0.7018562177794543 0.5201512008047278
0.6540856890459363 0.6618540173519427 0.5406387526719477
0.6967053485383874 0.7482600905318748 0.5555906576134793
0.6342093639575972 0.7055325034578146 0.6127184710172262
0.6168466912945711 0.6925939896894253 0.6272035709795046
0.7292161901702537 0.7338928706148622 0.4899047529234251
0.6246305814327016 0.6562586445366527 0.5263281151766629
0.6899795213620302 0.7243414434804476 0.49458223311957755
0.6510861708962417 0.7344838425751289 0.5553517540550736
0.6837797141021522 0.750845592858041 0.5854803218911103

Class F1 Score:
0.3914246196403873 0.5489706799750468 0.5489706799750468
0.3914246196403873 0.5489706799750468 0.5489706799750468
0.3914246196403873 0.5489706799750468 0.5489706799750468
0.3914246196403873 0.5489706799750468 0.5489706799750468
0.3914246196403873 0.5489706799750468 0.5489706799750468
0.39914468995010693 0.5489706799750468 0.5489706799750468
0.3914246196403873 0.5489706799750468 0.5489706799750468
0.3914246196403873 0.5489706799750468 0.5489706799750468
0.3914246196403873 0.5489706799750468 0.5489706799750468
0.3938761308281141 0.5489706799750468 0.5489706799750468

Os_mode: gsm-b, train_mode: preT
