
Class Sample Num: 150

Im_ratio: [0.1, 0.5, 0.6]

Os_mode: bsm, train_mode: 

Test_acc:
0.26625 0.40375 0.53375 0.68 0.7325 0.7525 0.75 0.7475 0.74125 0.73 0.72875 0.7225 0.7275 0.71625 0.7175 0.7125 0.71125 0.7125 0.71375 0.715 0.7525
0.25125 0.3225 0.46625 0.6225 0.66 0.69125 0.70625 0.71 0.715 0.71125 0.70875 0.70375 0.7 0.69625 0.695 0.695 0.69375 0.6925 0.69375 0.69375 0.71625
0.28375 0.46625 0.53125 0.66625 0.69125 0.69625 0.71125 0.70375 0.705 0.70375 0.705 0.70375 0.705 0.7075 0.70625 0.7025 0.69875 0.7 0.7 0.695 0.71125
0.29125 0.535 0.63875 0.67375 0.7025 0.7225 0.72625 0.72125 0.72125 0.705 0.7 0.7 0.7 0.6975 0.6925 0.68625 0.69125 0.685 0.69125 0.68875 0.7325
0.2375 0.48125 0.5575 0.66125 0.715 0.7275 0.73625 0.7325 0.73625 0.72625 0.72125 0.71625 0.71375 0.71125 0.7125 0.715 0.7175 0.71625 0.71375 0.71375 0.74125

Test_auc:
0.5976364583333333 0.885675 0.9290291666666667 0.9516125 0.9606458333333334 0.9634541666666666 0.96070625 0.9558458333333333 0.9522083333333333 0.9485541666666668 0.9465666666666666 0.9430625000000001 0.9422958333333333 0.9403791666666667 0.93881875 0.9384229166666667 0.9374875 0.9372333333333334 0.9363020833333334 0.9356125 0.9634541666666666
0.5781000000000001 0.8384291666666668 0.8993895833333333 0.9160541666666666 0.9332854166666668 0.9363208333333333 0.9309479166666667 0.9228854166666667 0.9167416666666666 0.9138041666666666 0.9126333333333333 0.9099270833333334 0.9083458333333334 0.9064 0.905675 0.9051833333333333 0.9039479166666667 0.9020708333333334 0.9024541666666667 0.90161875 0.9368041666666667
0.5609822916666667 0.8309208333333333 0.9031260416666667 0.9195520833333333 0.9188708333333333 0.9194895833333334 0.91944375 0.9204395833333333 0.9201083333333333 0.9204833333333333 0.9230854166666665 0.9241479166666667 0.9250875000000001 0.9262729166666667 0.926675 0.9276864583333334 0.9281604166666667 0.92849375 0.9286854166666667 0.9285895833333333 0.9292541666666667
0.5833697916666667 0.8525291666666668 0.90214375 0.91298125 0.9251833333333332 0.9241958333333332 0.9196041666666668 0.9189375 0.9163124999999999 0.9113125 0.9085145833333335 0.9057770833333333 0.9041354166666666 0.9011416666666667 0.89855625 0.8966645833333333 0.8952354166666667 0.89501875 0.8933604166666668 0.89196875 0.9252770833333334
0.5206541666666666 0.8549979166666666 0.9228229166666667 0.9342854166666666 0.9421520833333333 0.94264375 0.9426708333333333 0.9379916666666667 0.9399249999999999 0.9371875000000001 0.9351343750000001 0.9339218749999999 0.93411875 0.9325895833333333 0.932475 0.93311875 0.93305625 0.9316375 0.932665625 0.9335625000000001 0.9430749999999999

Test_f1:
0.4118131232872669 0.5877404260841859 0.7302981130066618 0.8075929064129231 0.8491836485539448 0.8536243922080637 0.8424918910572423 0.840184807086306 0.8310554714616601 0.8212249102286537 0.8243366777870709 0.8131103411165119 0.8149182624518062 0.8130219128907594 0.8077844689956193 0.809468329011838 0.8002990347053867 0.7983329567745117 0.7982808796469729 0.7975256762709653 0.8547389512198889
0.4014713409948232 0.5962618357415476 0.7200376733864031 0.7420476403325003 0.7824277620728166 0.7997353613162437 0.7886614702390331 0.7742479052097738 0.7585089226819182 0.7436865266075741 0.7410636055599193 0.7562778096493026 0.7520060969770044 0.7436243744008231 0.7476505804788731 0.7526681353001698 0.7536249478733044 0.7501172557921821 0.7509560272155862 0.7395189326243958 0.8051296736102107
0.4017382413087935 0.5602212021756163 0.7222340214667926 0.762184328349104 0.7800469276558809 0.7755355440871368 0.7934196914179561 0.7991263576763756 0.7913927692362714 0.7860732182459946 0.7905308453443046 0.7877673632062541 0.7813679559444835 0.7862100918843636 0.7896782358699038 0.7894874907643149 0.7911811500422157 0.7917919519463459 0.7858432335250423 0.7872744100649002 0.8000095983980604
0.4020379534296926 0.538261414084066 0.7207610770105293 0.7377944303788988 0.7609581561208026 0.7887535401017933 0.7831774712784817 0.7809582197447817 0.78239113286598 0.770688246883756 0.7630777366009587 0.7596207254726953 0.7621011669136737 0.7591213373005631 0.7505523394157176 0.747626609106685 0.746855106925328 0.7379163391106729 0.7382975755245392 0.7343535942967663 0.7901703473825927
0.4011477761836442 0.5915711739241151 0.7421920794557179 0.7745495628689657 0.818867982607838 0.8063921980018417 0.821190319125555 0.8087014836881625 0.7982351492691633 0.7974423341470976 0.7801978401199534 0.7750507149935372 0.7805682029306437 0.7901409375341564 0.7960023477524707 0.799158102585388 0.7987124868670163 0.7941677373973168 0.7993233544391551 0.7979502047055285 0.8230537488173191

Class AUC Score:
0.9714333333333334 0.8584333333333333 0.9577666666666668 0.9662333333333333
0.974775 0.7530166666666666 0.93945 0.9545666666666667
0.9614583333333333 0.8311416666666667 0.9721666666666667 0.9457500000000001
0.9666916666666667 0.7068333333333334 0.9537749999999999 0.9586166666666668
0.9612916666666667 0.8353666666666666 0.9772583333333335 0.9579666666666666

Class F1 Score:
0.8317757009345794 0.7294117647058823 0.8471177944862155 0.8227272727272728
0.8353808353808354 0.6075949367088608 0.7710280373831776 0.8020565552699229
0.837772397094431 0.6698113207547169 0.861244019138756 0.7927107061503417
0.8261851015801355 0.5409429280397022 0.7972027972027972 0.819672131147541
0.8086124401913876 0.7032418952618454 0.8695652173913043 0.8153846153846154

Os_mode: gsm-b, train_mode: preT
