
Class Sample Num: 150

Im_ratio: [0.1, 0.5, 0.6]

Os_mode: bsm, train_mode: 

Test_acc:
0.25 0.26625 0.67375 0.74875 0.75625 0.7575 0.75375 0.7475 0.73875 0.7325 0.71875 0.70625 0.6975 0.675 0.65875 0.64125 0.6225 0.60875 0.58875 0.5675 0.75875
0.25 0.25 0.25 0.3625 0.60125 0.675 0.69 0.68625 0.68875 0.68375 0.6675 0.66625 0.65875 0.64875 0.64 0.63375 0.62875 0.62 0.6075 0.6 0.69125
0.25 0.25 0.34125 0.44375 0.53875 0.62125 0.66125 0.67125 0.67875 0.6825 0.69 0.69875 0.69875 0.69625 0.69625 0.69625 0.6925 0.68125 0.6625 0.63875 0.70375
0.25 0.435 0.48625 0.6175 0.75 0.76 0.74125 0.7225 0.7 0.69125 0.675 0.6575 0.645 0.63 0.61875 0.60375 0.5875 0.57875 0.5725 0.56875 0.76875
0.25 0.28375 0.44 0.62625 0.68 0.715 0.72 0.72125 0.715 0.7075 0.7025 0.69875 0.6825 0.68125 0.675 0.67125 0.6625 0.66625 0.66375 0.6625 0.72375

Test_auc:
0.5460499999999999 0.9370499999999999 0.9642697916666666 0.9680291666666667 0.9684604166666666 0.9678958333333333 0.9667770833333333 0.9654979166666667 0.9641614583333333 0.962425 0.9601833333333333 0.9575291666666667 0.9544833333333334 0.9507479166666667 0.94656875 0.9423312500000001 0.9384479166666667 0.9349499999999998 0.9319520833333333 0.9293541666666667 0.9685614583333333
0.5048229166666667 0.9222645833333334 0.9562270833333333 0.9625687500000001 0.9637666666666667 0.9631697916666666 0.9618500000000001 0.9601916666666666 0.957878125 0.9548729166666666 0.9513520833333333 0.9476645833333334 0.9435937499999999 0.93910625 0.9343979166666667 0.9297916666666667 0.926275 0.92375 0.9215583333333333 0.9197708333333333 0.9637770833333332
0.5157916666666668 0.9237593749999999 0.9581124999999999 0.9642072916666667 0.9651697916666666 0.96489375 0.964375 0.9634229166666668 0.9623729166666666 0.9610979166666666 0.9595020833333333 0.957475 0.95459375 0.9510666666666667 0.9466562500000001 0.9418583333333332 0.93644375 0.9315020833333333 0.9276145833333332 0.9247708333333333 0.965184375
0.6527645833333333 0.9469979166666667 0.9642520833333332 0.9666854166666666 0.9660458333333333 0.96416875 0.9616645833333333 0.95864375 0.9554583333333333 0.9522124999999999 0.9487354166666666 0.94465625 0.9400260416666666 0.9347437500000001 0.9290895833333334 0.9237354166666667 0.91900625 0.9153916666666666 0.9129895833333332 0.9107916666666668 0.9666854166666666
0.4361520833333334 0.9280770833333334 0.9657718750000001 0.96978125 0.96985 0.9686520833333334 0.9671656249999999 0.9651416666666667 0.9626416666666666 0.9597833333333333 0.9570458333333334 0.9541937499999998 0.9512354166666667 0.9479333333333334 0.94473125 0.94176875 0.9395520833333333 0.9383270833333333 0.9378791666666666 0.93793125 0.9700291666666667

Test_f1:
0.4008064516129033 0.40020020020020025 0.4063575133281425 0.44234533208830357 0.4942256565632118 0.5471190078534063 0.6290207076611052 0.7498100880782151 0.7794228578867335 0.7804263106146785 0.7648106339628757 0.7853333767968544 0.8047978808367877 0.804744876466875 0.8063149681926172 0.7854109406348213 0.7853983303388409 0.7776758188844436 0.7771794368470413 0.757141039761664 0.8077326540338097
0.4 0.4933760683760684 0.40810810810810816 0.4031991744066047 0.3956274931225695 0.4268790882949519 0.5610069000174248 0.7366497694603363 0.7987954434948603 0.7943728896081824 0.7998950346608323 0.7817661968931962 0.7554722121555293 0.7684868524172728 0.7643765476542078 0.7530369037937477 0.7475394055593627 0.7493580197845963 0.7438853793928164 0.7368713022010333 0.8024008083614064
0.4 0.40405827263267435 0.4015228426395939 0.4021450459652707 0.4029866117404738 0.454747687007236 0.5278235272009597 0.6627383435464199 0.759147824897848 0.7907482602840982 0.8041017519132884 0.7978382473479295 0.8017574076567006 0.7878443452092072 0.7900248216919926 0.7837832091183162 0.7590959437969378 0.7640214484008291 0.7502207651314443 0.7449621488225402 0.8076830743789019
0.4113074204946997 0.4004016064257029 0.5020822786946104 0.46412832211594796 0.5034736897958121 0.5210643572869422 0.5520087088743553 0.705988015539667 0.7509715187301209 0.7794478015592977 0.7803494197086556 0.7829935935680393 0.7611131338441062 0.7479621166328649 0.7224309721219995 0.7415041915895978 0.7243281590027605 0.7202648691756405 0.713520799310768 0.709702325985158 0.7889775074259723
0.4 0.4 0.4765625 0.4903018292067284 0.4844034690301422 0.485981932621869 0.521282121585136 0.707973154820365 0.7688367210675728 0.8069585854938824 0.8043074647291008 0.7752170411435808 0.7797355348692752 0.778108126586863 0.7857403076096579 0.7839181857506897 0.7727088552486924 0.7657826506267461 0.76483783237709 0.7746406055837571 0.8116845502868401

Class AUC Score:
0.9529583333333332 0.9080333333333332 0.950925 0.9591249999999999
0.9601833333333333 0.8782083333333334 0.9469083333333334 0.9358166666666666
0.9547999999999999 0.9123083333333334 0.9552083333333334 0.9470833333333333
0.940525 0.871875 0.9462583333333333 0.9381583333333334
0.9481416666666667 0.9139083333333333 0.9679583333333334 0.9381333333333334

Class F1 Score:
0.8080808080808081 0.6510263929618768 0.841025641025641 0.8087167070217918
0.8088888888888889 0.6759002770083102 0.7636363636363637 0.7745098039215687
0.8048780487804879 0.7244094488188977 0.8028846153846154 0.8188235294117647
0.7888040712468194 0.6410256410256411 0.7913279132791328 0.7524752475247525
0.7531380753138075 0.7272727272727273 0.8296296296296296 0.7855297157622739

Os_mode: gsm-b, train_mode: preT
