
Class Sample Num: 150

Im_ratio: [0.1, 0.5, 0.6]

Os_mode: bsm, train_mode: 

Test_acc:
0.25 0.48 0.6175 0.7 0.72 0.73125 0.71875 0.705 0.6975 0.69125 0.6875 0.6875 0.685 0.68625 0.68625 0.685 0.68625 0.685 0.685 0.68125 0.7325
0.2975 0.4875 0.5725 0.66125 0.68875 0.7025 0.70625 0.70125 0.7 0.6975 0.69875 0.69875 0.6975 0.6975 0.6975 0.6975 0.695 0.69375 0.6925 0.69375 0.71
0.2775 0.65875 0.7325 0.76875 0.7775 0.76625 0.77 0.77 0.7625 0.7625 0.75875 0.755 0.74625 0.7425 0.7425 0.73625 0.735 0.73375 0.73375 0.72875 0.7775
0.2575 0.61375 0.71 0.7475 0.735 0.71875 0.71375 0.70875 0.70125 0.6975 0.69875 0.7 0.695 0.69 0.685 0.685 0.685 0.6825 0.68 0.67875 0.755
0.25375 0.61125 0.6625 0.70625 0.73375 0.7425 0.7425 0.7375 0.7325 0.73 0.72375 0.72375 0.725 0.72625 0.7225 0.7225 0.72125 0.72 0.72 0.715 0.7475

Test_auc:
0.4792677083333333 0.8533520833333333 0.9260791666666666 0.9335791666666666 0.9363041666666667 0.9388083333333334 0.9355875 0.9336270833333332 0.9315145833333334 0.9319958333333334 0.9314375 0.9306895833333333 0.9299729166666666 0.9288416666666667 0.9284666666666666 0.9283520833333333 0.92803125 0.9272041666666667 0.9268583333333333 0.9267583333333334 0.9389270833333334
0.5353114583333334 0.8378864583333333 0.8949270833333334 0.9206874999999999 0.9265604166666667 0.9263416666666666 0.9233312499999999 0.9211770833333333 0.9193645833333333 0.9166937500000001 0.9163708333333334 0.9157583333333332 0.9142312499999999 0.9137166666666667 0.91384375 0.9125270833333333 0.9113374999999999 0.9105624999999999 0.90999375 0.90960625 0.9278770833333334
0.5300916666666666 0.8887687500000001 0.9309083333333333 0.9452 0.9491291666666666 0.9458916666666666 0.94106875 0.9384854166666666 0.93815625 0.9380458333333334 0.9390572916666666 0.9382854166666666 0.9363812499999999 0.9361187500000001 0.9356625000000001 0.9349229166666666 0.9349333333333334 0.9343770833333332 0.9339708333333333 0.9334541666666667 0.949465625
0.5609510416666666 0.84885625 0.9193333333333333 0.9236791666666666 0.9154729166666666 0.90480625 0.9010041666666667 0.8963312499999999 0.8963145833333334 0.8941 0.8923958333333333 0.8926499999999999 0.8915729166666666 0.8926083333333333 0.8924791666666667 0.8927625 0.892728125 0.8922520833333334 0.8923479166666667 0.892625 0.9258645833333333
0.5386562500000001 0.8239854166666667 0.8799520833333333 0.9147375 0.9320375 0.9404208333333333 0.94473125 0.9470020833333334 0.9470166666666667 0.9466854166666667 0.9463083333333333 0.9455229166666667 0.9460270833333333 0.9452854166666667 0.9453541666666667 0.9448124999999999 0.9447395833333333 0.9440510416666668 0.9438041666666667 0.9430770833333333 0.9470937500000001

Test_f1:
0.4 0.5428126660526618 0.7503525627391587 0.783059726394896 0.8006558197499809 0.8056960606847531 0.8072610236861463 0.8009770625308924 0.7892312780513668 0.7872463950962678 0.7865219620031362 0.7940419285839008 0.7958360056312699 0.7999275212448497 0.8004322874971905 0.7992928562710758 0.8004193387690859 0.8020514717879791 0.7969731172019895 0.8004855504855505 0.8126866473283951
0.39849246231155777 0.5772230520930648 0.6893504670662665 0.7537691217703038 0.7718864929040808 0.774962484742197 0.7712923241524159 0.763016979329512 0.7626319066913789 0.7638774886706263 0.7634512713736794 0.7650913013658388 0.7615645617027504 0.760590029102578 0.7558984863354646 0.7505608178575489 0.7465279838116733 0.743215969729185 0.74494560203842 0.746873641284026 0.7809406504948251
0.40244161358811037 0.559116150958542 0.7760322386043847 0.8182581068603771 0.8234979808250834 0.8220554982623995 0.8241572598641376 0.8040237833835104 0.8007630239092534 0.8098434197635616 0.8074829090499648 0.8023045570628007 0.7919072984506901 0.7922352627966365 0.7995327360666074 0.7909510788169248 0.7929623433266388 0.7884220460298064 0.7868564534712348 0.791727317885548 0.8247115316534417
0.3997661433498356 0.5262839094201166 0.7353648991479984 0.7721907454535741 0.779605948355405 0.7676177866503611 0.7567825086274362 0.7567371280338071 0.7523186326802811 0.7503829965378666 0.7512177195926026 0.7441028058982382 0.7459157598900782 0.749271490592675 0.7477385952716988 0.7362704488493963 0.7359041986342295 0.7351299734798886 0.7352133665137237 0.7370965943272154 0.7796951278354408
0.4015228426395939 0.5294533956673837 0.687247563393275 0.7527547086677792 0.7881679755950926 0.8006119046430571 0.795545037225518 0.8029756952285698 0.8017981502489444 0.805301919172796 0.8119180688430612 0.8108681506010461 0.8101608211693824 0.8096676380989304 0.8070013642518921 0.806577816423967 0.8059920654998391 0.8030291323619247 0.800098701424965 0.7952433915586901 0.8123620267582834

Class AUC Score:
0.9573916666666666 0.8489208333333331 0.94005 0.9696416666666666
0.9696583333333333 0.7951916666666667 0.9387083333333334 0.94645
0.98075 0.8452166666666666 0.9617583333333333 0.9534416666666665
0.9742416666666668 0.7165916666666666 0.94795 0.9325
0.9652916666666667 0.8856916666666668 0.97125 0.95695

Class F1 Score:
0.8320802005012531 0.7231920199501247 0.7929292929292929 0.8544152744630071
0.8328912466843501 0.625 0.7639902676399026 0.7823834196891192
0.891566265060241 0.6744730679156908 0.8158508158508159 0.7959697732997482
0.8426666666666667 0.5526315789473685 0.7949367088607595 0.7619047619047619
0.8564476885644768 0.7134831460674157 0.8455696202531645 0.8108108108108109

Os_mode: gsm-b, train_mode: preT
