
Up_ratio: 1.6

Os_mode: kmeans, train_mode: 

Os_mode: bsm, train_mode: 

Os_mode: gsm-b, train_mode: preT

Os_mode: gsm-k, train_mode: preT

Os_mode: gsm-b, train_mode: preO

Os_mode: gsm-k, train_mode: preO

Test_acc:
0.25 0.25 0.25 0.25 0.25 0.25 0.25 0.25 0.25416666666666665 0.25416666666666665 0.26666666666666666 0.275 0.2791666666666667 0.2916666666666667 0.29583333333333334 0.30833333333333335 0.32083333333333336 0.3458333333333333 0.39166666666666666 0.44583333333333336 0.4666666666666667
0.25 0.25 0.25 0.25 0.25 0.25 0.25 0.25 0.2625 0.275 0.30833333333333335 0.32916666666666666 0.3416666666666667 0.35 0.35833333333333334 0.37083333333333335 0.3875 0.4041666666666667 0.4375 0.4583333333333333 0.48333333333333334
0.25416666666666665 0.25 0.2916666666666667 0.25 0.25 0.2625 0.275 0.3 0.32916666666666666 0.3416666666666667 0.3458333333333333 0.35 0.3458333333333333 0.3541666666666667 0.3625 0.375 0.4083333333333333 0.43333333333333335 0.49166666666666664 0.5125 0.5333333333333333
0.25 0.25 0.25 0.25 0.25416666666666665 0.26666666666666666 0.275 0.29583333333333334 0.32916666666666666 0.3416666666666667 0.35 0.3541666666666667 0.35833333333333334 0.375 0.3875 0.39166666666666666 0.425 0.4375 0.45416666666666666 0.48333333333333334 0.5208333333333334
0.25 0.25 0.32083333333333336 0.4625 0.3875 0.37916666666666665 0.37916666666666665 0.3875 0.39166666666666666 0.3958333333333333 0.39166666666666666 0.3875 0.3875 0.38333333333333336 0.37083333333333335 0.375 0.4 0.43333333333333335 0.4791666666666667 0.5125 0.5458333333333333

Test_auc:
0.6720833333333333 0.9504398148148148 0.9677083333333333 0.97 0.9688657407407407 0.9674305555555556 0.9644675925925926 0.962013888888889 0.9584953703703705 0.9542361111111112 0.9495138888888888 0.944375 0.9390277777777778 0.9314120370370371 0.9226851851851852 0.9136574074074073 0.9047453703703703 0.8975694444444444 0.8938194444444444 0.8925925925925927 0.97
0.5987268518518518 0.9435648148148148 0.9639351851851852 0.9659722222222223 0.9659722222222222 0.9633564814814816 0.9605787037037036 0.9580324074074074 0.954050925925926 0.9490509259259259 0.9434027777777778 0.936875 0.9295833333333333 0.9213888888888888 0.913287037037037 0.907337962962963 0.9039583333333333 0.9024305555555556 0.90125 0.90125 0.9661342592592592
0.4741782407407407 0.9394675925925926 0.963449074074074 0.9670833333333333 0.9665972222222222 0.9646064814814814 0.9623611111111111 0.9597222222222224 0.9555092592592593 0.9503472222222222 0.9440972222222223 0.936087962962963 0.9275925925925925 0.9195370370370369 0.9116898148148148 0.9059953703703704 0.9005324074074074 0.8970138888888889 0.8942824074074074 0.8946296296296296 0.9673611111111111
0.46425925925925926 0.9247337962962963 0.9626388888888888 0.9685416666666666 0.9691435185185185 0.9693287037037037 0.9689814814814814 0.9669675925925926 0.9645138888888889 0.9610416666666667 0.9569675925925926 0.9518518518518518 0.9447916666666667 0.9352546296296297 0.9243287037037036 0.9121296296296296 0.9009953703703704 0.892986111111111 0.8883333333333333 0.8879398148148149 0.9696296296296296
0.539525462962963 0.9357407407407408 0.9657870370370369 0.97125 0.9727083333333332 0.9723842592592593 0.9714351851851852 0.9697685185185185 0.9672916666666667 0.9641203703703703 0.9600462962962963 0.9543055555555555 0.9468055555555556 0.938587962962963 0.9297685185185186 0.9206944444444445 0.914050925925926 0.9097685185185185 0.9075 0.9077083333333333 0.9727777777777777

Test_f1:
0.4 0.41538461538461546 0.502127659574468 0.5625977653631286 0.6165023936919177 0.6676726334564913 0.7843357799193187 0.8328008170239419 0.7582786455117916 0.7350876607348942 0.7598489919273052 0.7616488110324748 0.7505569428123776 0.7294369912012829 0.7245973688188023 0.7070178759267742 0.6974747474747475 0.6671624269797298 0.6794962416926013 0.6644645139562343 0.8329579120265928
0.4 0.4265060240963855 0.45183246073298433 0.5587422858220821 0.43529411764705883 0.4778508771929825 0.6027729697203381 0.7122037891621396 0.7880023358284227 0.7677305897326958 0.6777676699221327 0.7566735032991224 0.755065928447274 0.6879672791858972 0.7219976498367118 0.6998317717891754 0.7147748597717494 0.6901480006802447 0.6944809885119674 0.6740600343099552 0.7898819363294853
0.4 0.4 0.535880043749947 0.5043795620437956 0.5480295663539619 0.562300260126347 0.6132698903535276 0.6226788396360692 0.6777954298396593 0.7354474878355475 0.7710870209187547 0.7454070838118294 0.7078210377171985 0.7357091562626936 0.6895807058984629 0.6903273269703075 0.6804551133894641 0.68392683056164 0.6874905784752332 0.6843038061062934 0.7871295067462951
0.4 0.48874172185430464 0.4 0.5302968960863698 0.5519076457729317 0.5718211752786221 0.7168525843959301 0.7726766187074918 0.7523892496843484 0.7913003663003663 0.7814360587002097 0.750695573378387 0.7726572722327585 0.7758315355222655 0.7167130360234648 0.7034774759750966 0.6889613468094979 0.676081356797195 0.6709563368441873 0.6592354289211702 0.7976591555037632
0.4 0.47346938775510206 0.4190476190476191 0.47639192993431345 0.5178030303030303 0.5188729069558086 0.7219653644644773 0.8054784631426968 0.7337194220803127 0.7464513728878648 0.7966706454012997 0.8109660900872386 0.7627573868031883 0.7788642720517354 0.7341578465746423 0.7167874770690172 0.7088870600810666 0.7083793528557943 0.7017760356174989 0.7157851043643264 0.822660494418317

Class AUC Score:
0.9562037037037037 0.8629629629629629 0.9297222222222221 0.9093518518518517
0.9519444444444444 0.9252777777777778 0.8502777777777778 0.904537037037037
0.936574074074074 0.898425925925926 0.8833333333333334 0.9066666666666667
0.9352777777777778 0.8990740740740741 0.9131481481481482 0.9062962962962963
0.9623148148148148 0.8573148148148146 0.9379629629629629 0.9275

Class F1 Score:
0.8095238095238095 0.6666666666666666 0.7079646017699115 0.6610169491525424
0.8103448275862069 0.651685393258427 0.6126126126126126 0.7213114754098361
0.7155963302752294 0.696969696969697 0.672 0.7037037037037037
0.7850467289719626 0.5756097560975609 0.7286821705426356 0.7244094488188977
0.7692307692307693 0.6336633663366337 0.7299270072992701 0.743801652892562

Up_ratio: 1.8

Os_mode: kmeans, train_mode: 

Os_mode: bsm, train_mode: 

Os_mode: gsm-b, train_mode: preT

Os_mode: gsm-k, train_mode: preT

Os_mode: gsm-b, train_mode: preO

Os_mode: gsm-k, train_mode: preO

Test_acc:
0.25 0.25 0.25 0.25 0.25 0.2625 0.3 0.3375 0.37083333333333335 0.37916666666666665 0.3875 0.39166666666666666 0.3875 0.38333333333333336 0.39166666666666666 0.3958333333333333 0.4 0.4083333333333333 0.42916666666666664 0.4708333333333333 0.5166666666666667
0.25 0.25 0.25 0.25 0.2625 0.3541666666666667 0.4 0.425 0.425 0.43333333333333335 0.4375 0.43333333333333335 0.44166666666666665 0.44166666666666665 0.44166666666666665 0.44583333333333336 0.4583333333333333 0.4791666666666667 0.5041666666666667 0.5375 0.5541666666666667
0.25 0.25 0.25 0.25416666666666665 0.29583333333333334 0.375 0.4083333333333333 0.425 0.4375 0.4375 0.44583333333333336 0.4375 0.425 0.42083333333333334 0.4125 0.4083333333333333 0.42083333333333334 0.45 0.49166666666666664 0.5125 0.525
0.25 0.45 0.35833333333333334 0.4083333333333333 0.42916666666666664 0.4583333333333333 0.4708333333333333 0.4625 0.4583333333333333 0.4666666666666667 0.475 0.49166666666666664 0.5 0.5 0.49583333333333335 0.49583333333333335 0.5 0.49583333333333335 0.49166666666666664 0.48333333333333334 0.5041666666666667
0.25 0.25 0.25 0.25 0.25833333333333336 0.3125 0.35 0.37916666666666665 0.4125 0.43333333333333335 0.43333333333333335 0.43333333333333335 0.425 0.42916666666666664 0.425 0.425 0.42083333333333334 0.43333333333333335 0.4583333333333333 0.48333333333333334 0.525

Test_auc:
0.5793981481481482 0.9367592592592593 0.9624074074074074 0.9669212962962963 0.9668981481481481 0.9665277777777778 0.9642592592592594 0.9621527777777779 0.9596064814814815 0.956574074074074 0.953287037037037 0.9495601851851853 0.9441898148148149 0.9376851851851852 0.9293518518518519 0.9194444444444445 0.9089583333333333 0.9009953703703704 0.8963194444444444 0.8950694444444445 0.9672453703703704
0.625613425925926 0.9331250000000001 0.9614351851851851 0.9680787037037037 0.9678009259259259 0.9651851851851853 0.9621759259259259 0.9594444444444444 0.9549768518518518 0.9509027777777777 0.9449305555555556 0.9380555555555555 0.9315046296296297 0.9245138888888889 0.918587962962963 0.9130787037037036 0.9094675925925926 0.9083101851851851 0.9083564814814815 0.9088888888888889 0.9682175925925925
0.4769791666666667 0.9315046296296297 0.957986111111111 0.9625231481481481 0.9621064814814814 0.9621064814814816 0.9611342592592593 0.9589351851851852 0.954537037037037 0.948912037037037 0.9421990740740741 0.9339583333333332 0.9240277777777779 0.9137037037037037 0.9041435185185185 0.8944907407407408 0.8896064814814815 0.8880787037037037 0.8876620370370369 0.8889583333333333 0.9628240740740741
0.5844675925925926 0.9400925925925926 0.9643981481481481 0.9698148148148149 0.9707175925925926 0.971273148148148 0.9702083333333333 0.9696990740740741 0.9677546296296295 0.9656018518518518 0.9628935185185186 0.9606712962962962 0.9576157407407406 0.9546296296296296 0.951412037037037 0.9493981481481482 0.9465509259259259 0.9414351851851852 0.9295370370370369 0.9065509259259259 0.9713888888888889
0.5822685185185186 0.9301388888888888 0.9645601851851852 0.9705555555555555 0.9706944444444445 0.9701388888888888 0.9683796296296296 0.9660416666666667 0.9624768518518518 0.9591435185185184 0.9546064814814815 0.949050925925926 0.9425 0.9356018518518519 0.929212962962963 0.9237037037037037 0.9181944444444443 0.9135648148148148 0.9114583333333333 0.9102314814814816 0.9711342592592593

Test_f1:
0.4003344481605351 0.4 0.4 0.622348551649256 0.7200903107574267 0.5656067477336406 0.6379951828080177 0.6611610387512834 0.7107486352205116 0.7454513140027159 0.7710293666523699 0.7566213448328606 0.7505175364055834 0.7562412529252512 0.757578947368421 0.7335786784970089 0.6858115335991443 0.6975180074017283 0.6922152161862528 0.7004924568230328 0.7857407548628024
0.401423487544484 0.4 0.4544502617801047 0.4 0.6113734750098386 0.5834343858734103 0.5572763104127685 0.7269923057526073 0.8002244376011274 0.7552871151196338 0.759474441160077 0.7719367186367625 0.7421868804645905 0.725847868830325 0.6866496814210143 0.6785930343099127 0.7125650504039032 0.7205775321300524 0.7109393188095787 0.7063482397285378 0.8061791561584711
0.4 0.4 0.5815810152443815 0.510424567140985 0.5125000000000001 0.6038417574279343 0.6056218399914963 0.6964851768367546 0.7667765097536945 0.7448421206600309 0.6966147011174039 0.7524419502281777 0.7112741396051354 0.7017956231064029 0.6961079595128667 0.676463324460219 0.6783001855676274 0.6725335391342908 0.6805034293857148 0.6790311662022188 0.77434267884183
0.4 0.4060070671378092 0.4 0.48917748917748916 0.6167016688993376 0.48266119294856313 0.5633307868601987 0.6853535709807236 0.7887668297468601 0.8151434727055242 0.7706442897036957 0.7350142163744082 0.7902685148601664 0.7912944642037629 0.7833011022336154 0.7992136778382173 0.793029221505432 0.7526207153918034 0.7266516516516517 0.7111134077442469 0.8272972027972028
0.4 0.4 0.47857142857142854 0.4 0.437914862914863 0.7079512710751539 0.6218971003854725 0.6011253847522113 0.6903315094928164 0.7631955386710821 0.7515019023073146 0.7357960986791126 0.7634858894766552 0.7588478706115452 0.740700185798225 0.7371559629299835 0.7287749604458016 0.7102423847504151 0.7088349798859247 0.7114456944677657 0.7800236670191114

Class AUC Score:
0.9591666666666667 0.8761111111111111 0.9369444444444444 0.9081481481481481
0.9446296296296296 0.9104629629629629 0.8735185185185185 0.9255555555555556
0.9299074074074074 0.8716666666666667 0.8776851851851851 0.9014814814814816
0.9616666666666667 0.9507407407407408 0.9594444444444444 0.9261111111111111
0.9593518518518519 0.8712962962962962 0.9194444444444445 0.9464814814814815

Class F1 Score:
0.8421052631578947 0.6571428571428571 0.75 0.6666666666666666
0.8 0.7115384615384616 0.6379310344827587 0.6666666666666666
0.7368421052631579 0.6466165413533834 0.6394557823129252 0.6785714285714286
0.8256880733944955 0.7758620689655172 0.7857142857142857 0.7868852459016393
0.8 0.6309523809523809 0.7384615384615385 0.7652173913043478

Up_ratio: 2.0

Os_mode: kmeans, train_mode: 

Os_mode: bsm, train_mode: 

Os_mode: gsm-b, train_mode: preT

Os_mode: gsm-k, train_mode: preT

Os_mode: gsm-b, train_mode: preO

Os_mode: gsm-k, train_mode: preO

Test_acc:
0.25 0.25 0.25 0.2708333333333333 0.3416666666666667 0.4041666666666667 0.43333333333333335 0.4625 0.4708333333333333 0.4875 0.4875 0.5041666666666667 0.5291666666666667 0.5208333333333334 0.5166666666666667 0.5125 0.5166666666666667 0.5208333333333334 0.525 0.5416666666666666 0.5666666666666667
0.25 0.38333333333333336 0.4625 0.4583333333333333 0.4625 0.4666666666666667 0.4666666666666667 0.4666666666666667 0.4666666666666667 0.4708333333333333 0.4708333333333333 0.4708333333333333 0.4583333333333333 0.45416666666666666 0.45 0.4625 0.4625 0.4583333333333333 0.48333333333333334 0.49166666666666664 0.5208333333333334
0.25 0.25 0.25 0.2916666666666667 0.3875 0.44583333333333336 0.4583333333333333 0.4625 0.475 0.475 0.475 0.4875 0.4875 0.49166666666666664 0.5041666666666667 0.49583333333333335 0.5166666666666667 0.5375 0.5666666666666667 0.575 0.5833333333333334
0.25 0.4041666666666667 0.3333333333333333 0.475 0.4791666666666667 0.4791666666666667 0.4791666666666667 0.4708333333333333 0.475 0.4708333333333333 0.4708333333333333 0.475 0.4708333333333333 0.4708333333333333 0.4583333333333333 0.4625 0.4625 0.45416666666666666 0.4666666666666667 0.49166666666666664 0.5
0.25 0.25 0.25 0.32083333333333336 0.45 0.4708333333333333 0.4791666666666667 0.4791666666666667 0.4791666666666667 0.48333333333333334 0.49166666666666664 0.49583333333333335 0.5 0.49583333333333335 0.48333333333333334 0.4791666666666667 0.475 0.49166666666666664 0.49583333333333335 0.55 0.5666666666666667

Test_auc:
0.6593055555555556 0.9461458333333335 0.9624074074074074 0.9658333333333333 0.9673842592592592 0.9674305555555555 0.9663425925925926 0.9647685185185185 0.9634953703703704 0.961087962962963 0.9593055555555556 0.9567824074074074 0.9534953703703704 0.9501851851851852 0.9446990740740742 0.9409722222222222 0.9385648148148148 0.937175925925926 0.9349768518518519 0.934537037037037 0.9675462962962963
0.48060185185185184 0.9300925925925925 0.9602314814814815 0.9656944444444444 0.965949074074074 0.9636574074074074 0.9613425925925925 0.9588425925925925 0.9557175925925926 0.9514120370370371 0.9461574074074073 0.9392592592592592 0.931712962962963 0.9246759259259258 0.9176388888888889 0.9128703703703704 0.9073611111111111 0.9056944444444445 0.9057407407407407 0.9051851851851852 0.965949074074074
0.7478819444444444 0.9568287037037037 0.9675231481481481 0.9693287037037036 0.9684490740740741 0.9667592592592592 0.9654398148148149 0.9636342592592592 0.9617592592592592 0.9592592592592591 0.9549768518518518 0.9515277777777778 0.9452314814814815 0.9385648148148149 0.9314351851851852 0.9235648148148148 0.9168055555555555 0.9101851851851852 0.9045833333333333 0.9023148148148148 0.9693287037037036
0.4929050925925926 0.9227546296296296 0.9586574074074072 0.9656944444444443 0.9680787037037037 0.9680555555555557 0.9671759259259259 0.9661342592592593 0.9643287037037038 0.9610648148148149 0.9570601851851851 0.9518055555555556 0.945787037037037 0.9384953703703703 0.9294791666666666 0.9201388888888887 0.9107175925925926 0.9041666666666667 0.9003703703703704 0.9017824074074074 0.968287037037037
0.5722222222222222 0.9493287037037036 0.9703009259259259 0.9732407407407406 0.9729861111111111 0.9714351851851851 0.9695370370370371 0.9677777777777778 0.9652546296296297 0.9631018518518519 0.9604398148148148 0.9556944444444444 0.9503935185185184 0.9450925925925926 0.937199074074074 0.9312731481481481 0.9261805555555556 0.921712962962963 0.9164351851851851 0.9146296296296297 0.9736111111111111

Test_f1:
0.4 0.5086956521739131 0.5 0.6304540420819491 0.5884032634032634 0.6674964507853955 0.7501356272514029 0.7951712159176874 0.8175504356372965 0.8030777117262038 0.7659145183054579 0.7635558325132262 0.7847976365651148 0.8071894907123113 0.7827093991866719 0.7775595518867925 0.7822018265797807 0.7751402992559162 0.7718531036384207 0.7666052841435785 0.8244557187867602
0.4 0.42938596491228076 0.5052631578947369 0.4341592463543683 0.5851182252398057 0.6439102941754056 0.6563644488330324 0.6639824756263112 0.7691631577145596 0.7791922154092242 0.7283001046810376 0.7423422014077486 0.7342423503879207 0.7311641325985978 0.7110867074102368 0.6951116708717737 0.6881724147700471 0.693021502424317 0.6912274904139193 0.6982979575596326 0.7905398863068466
0.4 0.5395913154533845 0.4 0.5774246884703794 0.4762899865179556 0.5382815018408239 0.5902047923488747 0.6848060380448555 0.7542904537168377 0.7787402253450588 0.7928338249754179 0.78663218309236 0.7642294214943283 0.7472083836898626 0.7480322156851545 0.7245477323898711 0.7235673405723055 0.7131933234687472 0.711753189204722 0.7044924669715222 0.8117458002484741
0.4 0.4 0.4 0.6324093346994111 0.6543018645534885 0.5629831525230268 0.6003576267810019 0.7750635239901802 0.8097626543941645 0.8142506800549545 0.8123792604640172 0.7259134855649099 0.7800146581638758 0.7435345816174832 0.763129817106195 0.7468442774928363 0.677291002209675 0.7066262466367162 0.6919013585071885 0.7124653124653124 0.8305546616931432
0.4 0.4 0.5442612049474664 0.6 0.5453416149068323 0.52151887303594 0.6695880767562086 0.8057475166935605 0.8229179607335894 0.8017874075077465 0.7626063853871039 0.7612654170411666 0.7566968708925034 0.7733667360749609 0.7384846076022547 0.7348584107191991 0.7296847467302013 0.7120172159047757 0.7010969565714091 0.6963593675219502 0.8229179607335894

Class AUC Score:
0.9575925925925926 0.9297222222222221 0.9621296296296296 0.9162037037037036
0.9517592592592592 0.8956481481481482 0.8601851851851852 0.9451851851851851
0.9416666666666667 0.9122222222222223 0.9187962962962963 0.925
0.9334259259259259 0.9161111111111111 0.9139814814814814 0.9203703703703704
0.9662962962962962 0.8651851851851852 0.9447222222222222 0.95

Class F1 Score:
0.8095238095238095 0.7874015748031497 0.828125 0.6981132075471698
0.7819548872180451 0.6242774566473989 0.6333333333333333 0.7547169811320755
0.7692307692307693 0.6605504587155964 0.734375 0.7358490566037735
0.780952380952381 0.6666666666666666 0.736 0.7741935483870968
0.8205128205128205 0.6394557823129252 0.7272727272727273 0.7522935779816514

Up_ratio: 2.2

Os_mode: kmeans, train_mode: 

Os_mode: bsm, train_mode: 

Os_mode: gsm-b, train_mode: preT

Os_mode: gsm-k, train_mode: preT

Os_mode: gsm-b, train_mode: preO

Os_mode: gsm-k, train_mode: preO

Test_acc:
0.25 0.25 0.25 0.25 0.25416666666666665 0.36666666666666664 0.4875 0.5291666666666667 0.5416666666666666 0.5541666666666667 0.55 0.55 0.5416666666666666 0.5291666666666667 0.5166666666666667 0.5041666666666667 0.5166666666666667 0.5291666666666667 0.5416666666666666 0.55 0.5583333333333333
0.2625 0.25 0.25 0.3 0.42916666666666664 0.4625 0.4625 0.4708333333333333 0.48333333333333334 0.48333333333333334 0.4708333333333333 0.4625 0.4666666666666667 0.45416666666666666 0.45 0.44583333333333336 0.44583333333333336 0.45416666666666666 0.4666666666666667 0.49166666666666664 0.525
0.25 0.25 0.37083333333333335 0.4708333333333333 0.4666666666666667 0.4666666666666667 0.48333333333333334 0.48333333333333334 0.4791666666666667 0.48333333333333334 0.49583333333333335 0.48333333333333334 0.4583333333333333 0.4583333333333333 0.45 0.4375 0.44583333333333336 0.4708333333333333 0.4875 0.5125 0.5375
0.25 0.25 0.5375 0.5541666666666667 0.5 0.49583333333333335 0.5291666666666667 0.55 0.5666666666666667 0.5833333333333334 0.5833333333333334 0.5791666666666667 0.5708333333333333 0.5666666666666667 0.5291666666666667 0.5 0.4708333333333333 0.475 0.49166666666666664 0.5083333333333333 0.6041666666666666
0.2375 0.25 0.25 0.25 0.25833333333333336 0.3416666666666667 0.4041666666666667 0.45 0.4666666666666667 0.49166666666666664 0.5041666666666667 0.5083333333333333 0.5083333333333333 0.49583333333333335 0.48333333333333334 0.45416666666666666 0.45416666666666666 0.45416666666666666 0.4666666666666667 0.5208333333333334 0.5333333333333333

Test_auc:
0.6296875000000001 0.9285185185185185 0.959375 0.9657175925925926 0.967476851851852 0.9674305555555555 0.966412037037037 0.964560185185185 0.9630555555555556 0.9605555555555556 0.9571527777777777 0.9534953703703704 0.9507407407407408 0.9459722222222221 0.9401157407407407 0.9329166666666666 0.9255092592592593 0.9196296296296297 0.9174305555555555 0.9162037037037037 0.9676157407407407
0.5162037037037037 0.921550925925926 0.9535648148148148 0.9606712962962963 0.9618518518518518 0.9612268518518519 0.9603935185185186 0.9584722222222222 0.9549305555555556 0.949861111111111 0.9435879629629629 0.9368981481481481 0.9297916666666666 0.9246527777777778 0.9199537037037038 0.9153935185185186 0.910625 0.9084027777777778 0.9071759259259258 0.9078703703703703 0.9621296296296296
0.6137731481481481 0.9404513888888889 0.9624305555555556 0.9662499999999998 0.9663657407407407 0.9642824074074074 0.962962962962963 0.9601157407407408 0.9569907407407408 0.9525694444444445 0.9470833333333333 0.9417361111111111 0.9340046296296296 0.9260648148148147 0.914837962962963 0.9036342592592592 0.8939814814814815 0.8883796296296297 0.8870833333333332 0.8889351851851852 0.9666666666666667
0.6058912037037038 0.950162037037037 0.9690509259259259 0.9728472222222223 0.9736111111111112 0.9732175925925926 0.9724305555555555 0.9717361111111111 0.9699768518518518 0.9680324074074074 0.9654861111111112 0.9622685185185185 0.9575462962962964 0.9506944444444445 0.9430555555555555 0.9334259259259259 0.9233333333333333 0.9153935185185185 0.9110416666666667 0.9098611111111111 0.9737731481481481
0.6568055555555554 0.9552083333333333 0.9716898148148149 0.9740972222222222 0.9743287037037036 0.9745601851851853 0.9732175925925926 0.9720833333333333 0.9705092592592592 0.968125 0.9646064814814814 0.960162037037037 0.9546527777777778 0.9487731481481482 0.9429861111111111 0.9366435185185185 0.9303935185185186 0.9258564814814815 0.923125 0.9222222222222222 0.9746990740740742

Test_f1:
0.4 0.5007390983000739 0.40238907849829353 0.40577890900676805 0.5504742199325122 0.6012779324623403 0.6759078631452581 0.6907362618168338 0.7926967089757788 0.8051037907468711 0.8038620163903183 0.7865908459258842 0.7836129909458918 0.8112675289100558 0.7668287494914335 0.7529537936564834 0.7610509951085227 0.7591763214718557 0.7449883355234987 0.7496202391164115 0.8179914029502593
0.4 0.4 0.5519275700934579 0.45624999999999993 0.5583371271738706 0.541287544818668 0.6057470739159253 0.7785668227623916 0.8070286275556912 0.7807266009852216 0.7216266893494261 0.7541032488225088 0.714567654222648 0.72136058423599 0.7289293343478878 0.7216475908185003 0.7127905089088669 0.7172231081707199 0.7084208350558081 0.703315916883995 0.8106379403289031
0.4 0.4 0.4977745524915336 0.558297410773966 0.5306947835125293 0.5336538769282634 0.6770920071443004 0.8172409148496025 0.8133281827972093 0.7695314421120872 0.7207456626061277 0.7412395520567392 0.7214509579759234 0.7054402008174334 0.6959686300777859 0.6943458935684738 0.6910916796254643 0.6705331348493404 0.6419564625971038 0.6670172566539512 0.8194695459775128
0.4 0.4736526946107784 0.4 0.4 0.6403355114680103 0.6680349356003897 0.61958678592202 0.6355661495367377 0.7157636620858276 0.7896672870490478 0.8062427322899132 0.7261812726362629 0.80908964828489 0.7509249522704796 0.7403975989657701 0.7362790934495164 0.725999124000527 0.7075183377567725 0.7196123735675974 0.7026193405710626 0.8145567122544298
0.4 0.4341463414634147 0.4 0.5114261168384879 0.6864962014847598 0.7938315711874349 0.754550599919506 0.675578431540825 0.7610947677345583 0.7526447839057249 0.7697224004228714 0.7995944755520905 0.7752321054207847 0.763440659531228 0.7647406567988853 0.7470490653213924 0.7430810417652522 0.7309963386376663 0.7365321144298403 0.7417198879551821 0.8128659002403622

Class AUC Score:
0.9485185185185185 0.9042129629629629 0.9600925925925926 0.9217592592592592
0.9500925925925926 0.9087037037037037 0.8804629629629629 0.9238888888888889
0.941111111111111 0.8698148148148148 0.9036111111111111 0.9043518518518519
0.945 0.9311111111111111 0.9365740740740741 0.9246296296296296
0.9562037037037037 0.8991666666666667 0.9571296296296297 0.936574074074074

Class F1 Score:
0.8 0.7142857142857143 0.8181818181818182 0.7218045112781954
0.8 0.6707317073170732 0.6724137931034483 0.7543859649122807
0.7333333333333333 0.6530612244897959 0.7022900763358778 0.7047619047619048
0.7962962962962963 0.6823529411764706 0.7580645161290323 0.6538461538461539
0.7681159420289855 0.7164179104477612 0.7967479674796748 0.7368421052631579
