
Up_ratio: 1.6

Os_mode: kmeans, train_mode: 

Os_mode: bsm, train_mode: 

Os_mode: gsm-b, train_mode: preT

Os_mode: gsm-k, train_mode: preT

Os_mode: gsm-b, train_mode: preO

Os_mode: gsm-k, train_mode: preO

Test_acc:
0.25 0.30833333333333335 0.375 0.5958333333333333 0.7958333333333333 0.8291666666666667 0.8333333333333334 0.8416666666666667 0.8291666666666667 0.8166666666666667 0.8166666666666667 0.8083333333333333 0.8083333333333333 0.7958333333333333 0.7833333333333333 0.7791666666666667 0.7791666666666667 0.7666666666666667 0.7583333333333333 0.7625 0.8458333333333333
0.25 0.25 0.275 0.5583333333333333 0.7291666666666666 0.7833333333333333 0.7625 0.775 0.775 0.7791666666666667 0.7625 0.7625 0.7708333333333334 0.7708333333333334 0.7791666666666667 0.7625 0.7708333333333334 0.7833333333333333 0.7833333333333333 0.7666666666666667 0.7958333333333333
0.24166666666666667 0.4375 0.4666666666666667 0.6875 0.8291666666666667 0.875 0.8666666666666667 0.8625 0.8458333333333333 0.8416666666666667 0.8416666666666667 0.8375 0.8541666666666666 0.85 0.85 0.8375 0.8375 0.8375 0.8291666666666667 0.7958333333333333 0.8791666666666667
0.25 0.25 0.3958333333333333 0.775 0.85 0.8666666666666667 0.8666666666666667 0.8583333333333333 0.8291666666666667 0.8333333333333334 0.8291666666666667 0.825 0.8166666666666667 0.8166666666666667 0.8 0.7958333333333333 0.8 0.7958333333333333 0.7958333333333333 0.7708333333333334 0.8791666666666667
0.25416666666666665 0.25 0.32083333333333336 0.5791666666666667 0.7958333333333333 0.7791666666666667 0.7791666666666667 0.7708333333333334 0.7833333333333333 0.7916666666666666 0.775 0.7958333333333333 0.7916666666666666 0.7791666666666667 0.7791666666666667 0.7625 0.7458333333333333 0.75 0.7458333333333333 0.7458333333333333 0.8

Test_auc:
0.6069675925925927 0.8306712962962963 0.8750462962962964 0.9163888888888889 0.9559722222222222 0.9710185185185185 0.9745601851851853 0.9734027777777778 0.9692824074074075 0.9653935185185185 0.964050925925926 0.9619212962962963 0.9600925925925926 0.9582407407407407 0.9569675925925926 0.9556712962962963 0.9541898148148149 0.9515509259259258 0.9496527777777779 0.9486574074074073 0.9750462962962962
0.47166666666666673 0.8071759259259259 0.8888657407407408 0.9168055555555555 0.9347222222222221 0.9509722222222221 0.9532175925925925 0.9528703703703703 0.9487500000000001 0.9440972222222221 0.9393750000000001 0.9380787037037036 0.9370833333333334 0.9368981481481481 0.9343287037037036 0.9320833333333334 0.9319907407407406 0.9315740740740741 0.9313425925925926 0.9290509259259259 0.9533101851851852
0.5368055555555555 0.8540046296296296 0.9391898148148149 0.9533564814814814 0.9628703703703704 0.9671990740740741 0.9648148148148148 0.9611805555555556 0.9581018518518518 0.9550694444444444 0.9556481481481481 0.9547916666666667 0.9557638888888889 0.9549768518518519 0.9544675925925925 0.9534722222222223 0.9520601851851851 0.9492824074074074 0.9468287037037036 0.9432175925925924 0.9672453703703704
0.5286342592592593 0.8607175925925925 0.9332638888888889 0.9500694444444444 0.9585185185185185 0.9633333333333333 0.9605787037037037 0.9593518518518518 0.955462962962963 0.9542361111111111 0.9514814814814814 0.948287037037037 0.9459027777777778 0.9440509259259259 0.9413657407407406 0.940138888888889 0.939212962962963 0.9386342592592591 0.93875 0.9383333333333332 0.9633333333333333
0.5626388888888888 0.8164351851851852 0.8853703703703703 0.9319907407407407 0.9543287037037036 0.9615972222222222 0.9642824074074073 0.9659259259259259 0.9668749999999999 0.9641898148148149 0.9596527777777778 0.9579629629629629 0.9504861111111111 0.9457870370370369 0.945462962962963 0.940162037037037 0.9372916666666666 0.9349305555555556 0.9324537037037037 0.9306944444444445 0.9674768518518518

Test_f1:
0.4 0.5066053642888976 0.6453647618773619 0.731079636983657 0.8018526247990441 0.8501482264083082 0.8618511566667988 0.8593652130933449 0.8441911225054333 0.8447017075065855 0.8431521673521829 0.8304011577500354 0.8211876707650274 0.803917741960172 0.8080652408440909 0.8168605224144388 0.8224020455382743 0.8026886636818725 0.8104986988549686 0.791876156314659 0.8618511566667988
0.4003344481605351 0.5241916208850257 0.6424416219901095 0.7431337547860282 0.795086303021256 0.8318185417686527 0.8177932954820387 0.8215656273640628 0.8257112537981441 0.8203702420329022 0.8049345621972385 0.8083511060692004 0.8053671726336105 0.8257543075273878 0.8175449922778127 0.8023224812919808 0.8100898274402693 0.8254951796856581 0.8157474350007701 0.8154815687550551 0.8443086760474795
0.4 0.49192134989090597 0.7753508115171736 0.8033898591244918 0.8491109760150817 0.8556475219791647 0.8434990608623928 0.843618349392543 0.8328863504088644 0.8168823615413612 0.8356105025946203 0.8364259475938502 0.827795375265221 0.8193811410068477 0.8153758727790639 0.7953846750652197 0.839319065375579 0.8015433863891215 0.811406205255003 0.7931547300813356 0.8818052245770809
0.4 0.5062149669879892 0.7703169733499843 0.8191363727154698 0.8491143218820363 0.8554177097633853 0.8580653717877528 0.8449063854735412 0.8424679879292065 0.8366330532212886 0.8300231879996147 0.8393672798364881 0.8365898446981304 0.8247019037046175 0.8242950261382616 0.814720430080412 0.8043887296936014 0.799181357821741 0.8093638485765431 0.8046604220154044 0.8688389830508474
0.408974358974359 0.5488861456021773 0.6587764733965014 0.7581112235717499 0.8100489648088778 0.83888461174818 0.8351685310370729 0.8286284830171248 0.8355562495268378 0.8336659663865547 0.8255542299745855 0.832389573703133 0.8225272290576379 0.8208949096880132 0.8013340326968071 0.7903679909903245 0.795136731146028 0.7942649878681682 0.7916622314793771 0.7741844796170896 0.8607509429797511

Class AUC Score:
0.974537037037037 0.9379629629629629 0.9771296296296297 0.9352777777777778
0.9473148148148147 0.9345370370370369 0.954074074074074 0.8968518518518519
0.9600925925925926 0.9283333333333332 0.9719444444444445 0.9568518518518518
0.9560185185185185 0.9214814814814816 0.9376851851851852 0.9450925925925926
0.9687037037037036 0.8985185185185185 0.9525 0.9464814814814815

Class F1 Score:
0.8548387096774194 0.782608695652174 0.8739495798319328 0.7969924812030075
0.8346456692913385 0.7111111111111111 0.8524590163934426 0.7966101694915254
0.8205128205128205 0.782608695652174 0.8717948717948718 0.8695652173913043
0.8346456692913385 0.7692307692307693 0.8120300751879699 0.8429752066115702
0.8153846153846154 0.7706422018348624 0.8347826086956521 0.7846153846153846

Up_ratio: 1.8

Os_mode: kmeans, train_mode: 

Os_mode: bsm, train_mode: 

Os_mode: gsm-b, train_mode: preT

Os_mode: gsm-k, train_mode: preT

Os_mode: gsm-b, train_mode: preO

Os_mode: gsm-k, train_mode: preO

Test_acc:
0.26666666666666666 0.25416666666666665 0.44583333333333336 0.7166666666666667 0.8041666666666667 0.825 0.8333333333333334 0.85 0.8416666666666667 0.8458333333333333 0.8291666666666667 0.8333333333333334 0.8333333333333334 0.8375 0.8458333333333333 0.8416666666666667 0.8416666666666667 0.8458333333333333 0.8416666666666667 0.8416666666666667 0.8583333333333333
0.25 0.44166666666666665 0.45 0.7041666666666667 0.8 0.8291666666666667 0.8291666666666667 0.8291666666666667 0.8333333333333334 0.8416666666666667 0.8375 0.8208333333333333 0.825 0.8333333333333334 0.8166666666666667 0.8125 0.8083333333333333 0.8083333333333333 0.7916666666666666 0.7875 0.8541666666666666
0.25 0.25833333333333336 0.3875 0.6625 0.8416666666666667 0.875 0.875 0.8625 0.8666666666666667 0.8541666666666666 0.8541666666666666 0.85 0.8625 0.85 0.8375 0.8416666666666667 0.8208333333333333 0.8041666666666667 0.7958333333333333 0.7916666666666666 0.8791666666666667
0.26666666666666666 0.25 0.29583333333333334 0.5375 0.7708333333333334 0.8166666666666667 0.8375 0.8333333333333334 0.8333333333333334 0.8208333333333333 0.8166666666666667 0.8 0.7791666666666667 0.7958333333333333 0.7833333333333333 0.7708333333333334 0.7625 0.75 0.7458333333333333 0.7333333333333333 0.8458333333333333
0.25416666666666665 0.25 0.32916666666666666 0.5458333333333333 0.7916666666666666 0.8125 0.8208333333333333 0.8166666666666667 0.8333333333333334 0.8333333333333334 0.8375 0.8208333333333333 0.8125 0.8125 0.8 0.7958333333333333 0.7833333333333333 0.775 0.775 0.7708333333333334 0.8458333333333333

Test_auc:
0.5413888888888889 0.8069444444444444 0.8806481481481482 0.9377314814814814 0.9623148148148148 0.9696064814814815 0.9705324074074074 0.9728009259259259 0.9731712962962963 0.9737268518518518 0.9742129629629629 0.9758333333333334 0.976087962962963 0.9761805555555555 0.9759722222222222 0.9756481481481482 0.9771990740740741 0.9762037037037037 0.9763425925925926 0.977037037037037 0.9777546296296296
0.6136111111111111 0.8682407407407408 0.9197222222222222 0.9601388888888889 0.9734953703703704 0.9755555555555555 0.9737499999999999 0.9700462962962964 0.967824074074074 0.9662268518518519 0.9621527777777777 0.9576388888888889 0.9532407407407406 0.9512268518518519 0.9491435185185186 0.9435185185185185 0.9412962962962963 0.9400231481481482 0.93875 0.9376851851851851 0.9764120370370369
0.4919444444444445 0.854375 0.9399074074074074 0.9576851851851852 0.965949074074074 0.9689583333333334 0.9679398148148148 0.9646759259259259 0.9629861111111111 0.9615972222222222 0.959861111111111 0.957337962962963 0.9561342592592592 0.953912037037037 0.951412037037037 0.9495138888888888 0.9491203703703703 0.9455787037037038 0.945023148148148 0.9440972222222221 0.9690277777777778
0.4307175925925926 0.7619675925925926 0.8712731481481482 0.919513888888889 0.9501620370370369 0.9636342592592593 0.9735185185185184 0.9758101851851851 0.9752314814814815 0.9737037037037036 0.9717361111111111 0.9690509259259259 0.9657638888888889 0.9633101851851852 0.960300925925926 0.9575231481481481 0.9561342592592592 0.9541435185185185 0.9512268518518519 0.9491203703703703 0.9769675925925926
0.6067361111111111 0.8326388888888889 0.8953009259259259 0.9252777777777778 0.9547916666666667 0.9663194444444445 0.9710416666666666 0.971412037037037 0.9708333333333333 0.9700694444444443 0.9681249999999999 0.9669444444444444 0.9634027777777778 0.9599305555555555 0.9577777777777778 0.9550000000000001 0.9521296296296295 0.9482407407407407 0.9461574074074073 0.9438425925925926 0.9718055555555556

Test_f1:
0.4 0.4948022464799874 0.6490927191275624 0.781127551651148 0.8169784896332211 0.8286777420948617 0.8271958221658027 0.8450117868078697 0.851061804213946 0.8463201041668327 0.8547405368039664 0.8635027085003926 0.8586828609986504 0.8600393905316042 0.849999207288716 0.8556984010613043 0.8622847880570993 0.8632230883888761 0.8607305659561743 0.8572637827735943 0.8726687997910408
0.4 0.5905651820880627 0.7326470255248226 0.8078540841602639 0.8598251265531524 0.8657283856483247 0.8607214141539085 0.8627056467597882 0.8677937897976896 0.8649309310396549 0.8470682460029045 0.8270631180467246 0.8396135931000136 0.8301301941550472 0.8256034982990166 0.8169366681351542 0.8047015041695892 0.8155551808779731 0.8002060363069385 0.7849537043305882 0.8858513969086373
0.4 0.507389801210026 0.7776331997389138 0.8075422854244284 0.8762889597386108 0.8861163576718525 0.8915148303153052 0.871247037276449 0.8712839633392051 0.8710355475308176 0.8655716318785579 0.8660993735717738 0.8458652081208863 0.8523423461966287 0.8359832641488361 0.8280765362888775 0.8063666947014297 0.809726201766075 0.7997795432789521 0.8070976920590278 0.8915148303153052
0.4 0.4402308028844242 0.6229550130824016 0.729201323192608 0.822433995386794 0.8441551184045331 0.8726997868400248 0.8794956140350877 0.8751387736557228 0.8501443911279978 0.8582805212899256 0.8563576131089028 0.8390812458753786 0.8288535842392559 0.8213930549811306 0.8289631309360962 0.8097581552305961 0.8093590711984187 0.7886907077181278 0.8043723990001719 0.881281328320802
0.39534883720930236 0.4926457975986278 0.6505206804803053 0.7629534800608839 0.8499083581481336 0.8648183609727077 0.8737865612648221 0.875966821211243 0.8716881033916882 0.8660609857978279 0.8634099814789303 0.8627397253754076 0.8546975124480123 0.845612908932273 0.8312503788295642 0.8267973789829106 0.8206777889062871 0.8014980042153954 0.7953745847272619 0.7866679314056491 0.8804272731886442

Class AUC Score:
0.9850925925925926 0.9596296296296296 0.9781481481481482 0.9800925925925926
0.9464814814814815 0.9558333333333333 0.9103703703703704 0.9614814814814815
0.9597222222222223 0.9134259259259259 0.977037037037037 0.9509259259259258
0.9762962962962963 0.9437037037037037 0.9505555555555555 0.9632407407407407
0.9713888888888889 0.9310185185185186 0.955648148148148 0.9630555555555556

Class F1 Score:
0.8928571428571429 0.8064516129032258 0.875 0.8392857142857143
0.8292682926829268 0.8064516129032258 0.85 0.831858407079646
0.803030303030303 0.7552447552447552 0.864 0.8983050847457628
0.8702290076335878 0.7716535433070866 0.8091603053435115 0.819672131147541
0.8264462809917356 0.7931034482758621 0.8620689655172413 0.8360655737704918

Up_ratio: 2.0

Os_mode: kmeans, train_mode: 

Os_mode: bsm, train_mode: 

Os_mode: gsm-b, train_mode: preT

Os_mode: gsm-k, train_mode: preT

Os_mode: gsm-b, train_mode: preO

Os_mode: gsm-k, train_mode: preO

Test_acc:
0.25 0.4083333333333333 0.4083333333333333 0.5458333333333333 0.7416666666666667 0.7791666666666667 0.8083333333333333 0.8125 0.8166666666666667 0.8416666666666667 0.8416666666666667 0.8291666666666667 0.8333333333333334 0.8375 0.8291666666666667 0.8375 0.8291666666666667 0.8333333333333334 0.8333333333333334 0.8375 0.8458333333333333
0.2916666666666667 0.44583333333333336 0.4791666666666667 0.7166666666666667 0.8458333333333333 0.8541666666666666 0.8583333333333333 0.8541666666666666 0.8625 0.8541666666666666 0.8625 0.85 0.8416666666666667 0.8375 0.8333333333333334 0.8083333333333333 0.7833333333333333 0.7833333333333333 0.7791666666666667 0.775 0.875
0.2916666666666667 0.3625 0.4083333333333333 0.6666666666666666 0.7583333333333333 0.7875 0.7791666666666667 0.7708333333333334 0.7625 0.7833333333333333 0.7708333333333334 0.7625 0.7708333333333334 0.7583333333333333 0.7625 0.7583333333333333 0.7541666666666667 0.7583333333333333 0.7541666666666667 0.7541666666666667 0.7875
0.25 0.3333333333333333 0.3541666666666667 0.7125 0.8 0.8708333333333333 0.8833333333333333 0.8791666666666667 0.875 0.875 0.8708333333333333 0.8583333333333333 0.8625 0.8875 0.8416666666666667 0.8541666666666666 0.8541666666666666 0.8333333333333334 0.8458333333333333 0.8291666666666667 0.8875
0.25 0.36666666666666664 0.425 0.5833333333333334 0.7583333333333333 0.8166666666666667 0.8458333333333333 0.8458333333333333 0.8458333333333333 0.8666666666666667 0.8583333333333333 0.8583333333333333 0.8625 0.8666666666666667 0.8583333333333333 0.8541666666666666 0.8458333333333333 0.8375 0.8416666666666667 0.85 0.8666666666666667

Test_auc:
0.5241435185185185 0.7834722222222223 0.8426157407407407 0.8982175925925926 0.9361805555555555 0.9514351851851852 0.9597916666666666 0.9657175925925925 0.9683564814814815 0.9703703703703703 0.9690740740740741 0.9699305555555556 0.9691435185185184 0.9680787037037037 0.9668055555555556 0.9648148148148149 0.9642361111111111 0.9632407407407407 0.9617824074074074 0.9615972222222222 0.9705555555555555
0.5799768518518518 0.8521990740740741 0.9311574074074074 0.9590740740740741 0.9675462962962963 0.9710185185185186 0.9709027777777778 0.9695601851851852 0.9687268518518517 0.9674768518518517 0.9671990740740741 0.9657407407407407 0.9647453703703703 0.9615740740740741 0.9606018518518519 0.9595601851851853 0.955787037037037 0.9538888888888889 0.951412037037037 0.9491666666666667 0.9712037037037037
0.5303472222222222 0.8563425925925925 0.9270601851851852 0.9466435185185185 0.9537268518518518 0.9528935185185184 0.9515509259259259 0.9502546296296296 0.9486805555555555 0.950787037037037 0.9480092592592592 0.9449537037037037 0.9416203703703704 0.9375694444444443 0.9346527777777778 0.931736111111111 0.9320138888888889 0.9301851851851852 0.9296527777777779 0.9280787037037037 0.9544907407407407
0.6002777777777778 0.8327430555555555 0.8725462962962963 0.9273842592592593 0.9530787037037036 0.9638888888888888 0.969837962962963 0.9703703703703703 0.9699305555555555 0.9703935185185184 0.971550925925926 0.971574074074074 0.9715277777777778 0.9722222222222223 0.9685879629629629 0.9688657407407407 0.9691666666666667 0.9641435185185185 0.9671064814814814 0.9634027777777778 0.9724537037037037
0.5460763888888889 0.7891666666666667 0.8716666666666667 0.9188888888888889 0.9536805555555555 0.9656018518518519 0.9706018518518518 0.9734953703703704 0.975 0.9753935185185185 0.9750231481481481 0.9754398148148147 0.9745138888888889 0.9734953703703703 0.9725231481481481 0.9726620370370369 0.9715740740740741 0.9708564814814815 0.9704629629629629 0.9701504629629629 0.9758101851851851

Test_f1:
0.4 0.4310808112987151 0.6159436937006155 0.7028858130608302 0.7636997517360157 0.820713736053143 0.8390202005069359 0.8435035216711694 0.8407712512018553 0.844408831908832 0.8467004495143381 0.8520954236970953 0.8466653451656343 0.8398172092892487 0.8273520430077075 0.8240929525669619 0.8427826086956521 0.8419578357658853 0.8276726298504883 0.820067121295637 0.8541614036425688
0.4 0.5282354611408572 0.7172417871820809 0.8268759225060553 0.862427167919317 0.8656246483017357 0.8661512994816438 0.8593246010533788 0.869633181702216 0.861419405532992 0.854614455167145 0.8626255316266445 0.8548987732366767 0.8556478973627939 0.8538895857982542 0.8513238165829957 0.8400703871292107 0.846620281262214 0.8162120055872348 0.8235309578214413 0.8829040645451315
0.40475854223059127 0.4951147850444526 0.6797631488468463 0.7945068610732802 0.8326960490553443 0.8247468743594999 0.8219339418895961 0.8327129716893497 0.8205295159386068 0.8237201796056484 0.8006583186535645 0.7891983253656192 0.7744339478311904 0.7850326884882369 0.7825027914328083 0.7777874620980695 0.7748782902751096 0.7684996317630659 0.7707510963229441 0.7762363652884302 0.8404441273664143
0.4 0.5403922572724479 0.6457127847364428 0.7437811868076258 0.7952070171134147 0.8690950105394077 0.885996897404721 0.8856896751625074 0.8789760177353996 0.8624947057652722 0.8717218918695656 0.8673339574171095 0.8741249348522075 0.8774096971906343 0.8551303534415462 0.8589919799945327 0.840741258289062 0.8316428571428571 0.8247462805393839 0.8189899656611765 0.8943673873663823
0.4 0.4569672226310144 0.6338156226568736 0.74026276815952 0.8172881331772185 0.8800938929885549 0.8748398649501452 0.8884246003340491 0.8919084515594748 0.8832584108912382 0.8639553194364015 0.8623255599254158 0.8670283179827188 0.8725548571380923 0.8615207640082398 0.8671774656124527 0.867752874665986 0.8729516401647549 0.8654922538730635 0.8652162555086094 0.8997099242718254

Class AUC Score:
0.9856481481481482 0.9335185185185185 0.9793518518518519 0.9619444444444445
0.9593518518518518 0.9679629629629629 0.9457407407407407 0.9650925925925926
0.9505555555555555 0.8987037037037038 0.9475 0.9300925925925926
0.9669444444444445 0.9679629629629629 0.9780555555555556 0.9600925925925925
0.9888888888888889 0.9671296296296297 0.9621296296296296 0.9728703703703703

Class F1 Score:
0.8620689655172413 0.7407407407407407 0.8547008547008547 0.8270676691729323
0.8503937007874016 0.8548387096774194 0.8235294117647058 0.8620689655172413
0.8135593220338984 0.7479674796747967 0.762589928057554 0.819672131147541
0.8617886178861789 0.8387096774193549 0.8524590163934426 0.8617886178861789
0.8613138686131386 0.8 0.905982905982906 0.8793103448275862

Up_ratio: 2.2

Os_mode: kmeans, train_mode: 

Os_mode: bsm, train_mode: 

Os_mode: gsm-b, train_mode: preT

Os_mode: gsm-k, train_mode: preT

Os_mode: gsm-b, train_mode: preO

Os_mode: gsm-k, train_mode: preO

Test_acc:
0.25 0.25 0.425 0.6791666666666667 0.8166666666666667 0.8375 0.8333333333333334 0.8208333333333333 0.8375 0.8333333333333334 0.8291666666666667 0.8291666666666667 0.8291666666666667 0.8291666666666667 0.8291666666666667 0.8208333333333333 0.8208333333333333 0.8125 0.8041666666666667 0.8083333333333333 0.8458333333333333
0.25416666666666665 0.42916666666666664 0.5166666666666667 0.7 0.8166666666666667 0.85 0.8541666666666666 0.8541666666666666 0.8541666666666666 0.85 0.85 0.85 0.8416666666666667 0.8416666666666667 0.8416666666666667 0.8333333333333334 0.8333333333333334 0.8333333333333334 0.8416666666666667 0.8291666666666667 0.8625
0.30416666666666664 0.3958333333333333 0.4666666666666667 0.7333333333333333 0.8416666666666667 0.8541666666666666 0.8708333333333333 0.8625 0.8541666666666666 0.8458333333333333 0.85 0.825 0.8291666666666667 0.8333333333333334 0.825 0.8208333333333333 0.8208333333333333 0.8 0.7791666666666667 0.7833333333333333 0.8708333333333333
0.25416666666666665 0.425 0.4708333333333333 0.7291666666666666 0.8416666666666667 0.8708333333333333 0.8625 0.85 0.8458333333333333 0.85 0.85 0.8458333333333333 0.8416666666666667 0.85 0.8583333333333333 0.8583333333333333 0.8416666666666667 0.8291666666666667 0.8375 0.8333333333333334 0.8833333333333333
0.25 0.25416666666666665 0.5 0.7458333333333333 0.8166666666666667 0.8583333333333333 0.8708333333333333 0.8583333333333333 0.8625 0.8583333333333333 0.8666666666666667 0.8708333333333333 0.8666666666666667 0.8541666666666666 0.8583333333333333 0.85 0.8375 0.8208333333333333 0.825 0.8166666666666667 0.8708333333333333

Test_auc:
0.5321064814814815 0.7894212962962963 0.8662268518518518 0.9182638888888889 0.950625 0.9593287037037037 0.9641898148148148 0.9633101851851853 0.9643981481481481 0.9633333333333334 0.9604398148148148 0.9607407407407408 0.9586342592592592 0.9563657407407408 0.9562037037037037 0.9524537037037037 0.9517361111111111 0.9490509259259259 0.9487731481481481 0.9467592592592593 0.9652314814814815
0.4925694444444444 0.8087500000000001 0.9195601851851851 0.94875 0.9639583333333334 0.9715046296296297 0.9743518518518519 0.9756018518518519 0.9745138888888888 0.9738425925925926 0.9734259259259259 0.972361111111111 0.9707407407407407 0.9696296296296296 0.9693055555555555 0.9666666666666666 0.9676851851851851 0.9671064814814815 0.967962962962963 0.9671759259259259 0.9756018518518519
0.5404398148148147 0.848287037037037 0.9380092592592594 0.9599074074074073 0.9726157407407408 0.9741898148148148 0.9716898148148148 0.9703009259259259 0.9681712962962963 0.9658101851851851 0.9650925925925925 0.9634259259259259 0.9619907407407406 0.961875 0.9594444444444444 0.9582407407407406 0.9559027777777778 0.9530787037037036 0.9500462962962963 0.9490509259259259 0.9750231481481482
0.5164351851851853 0.827037037037037 0.9106481481481481 0.9596296296296296 0.972824074074074 0.9753472222222223 0.9765509259259259 0.9749768518518519 0.9734027777777777 0.972037037037037 0.971736111111111 0.971712962962963 0.9715740740740739 0.9705787037037037 0.9694675925925925 0.9688194444444443 0.9675231481481481 0.9674305555555555 0.9661342592592592 0.9648379629629629 0.9770833333333333
0.6105092592592593 0.838125 0.9232407407407408 0.9530787037037037 0.966875 0.9738888888888888 0.9760648148148149 0.975486111111111 0.9752083333333333 0.9736805555555554 0.9722916666666666 0.9711805555555554 0.9696759259259259 0.9678703703703704 0.967013888888889 0.9640046296296296 0.9606481481481481 0.9571990740740741 0.9529166666666666 0.9495833333333333 0.9760648148148149

Test_f1:
0.3899002548206847 0.5325556259528366 0.6267040733568366 0.7706404007588948 0.8233826788370939 0.8227227107478132 0.8477411644306122 0.8523718823625477 0.848503923883603 0.837351621875946 0.8181571717755929 0.8309017040886083 0.8437260798250411 0.8447191051083889 0.8292893250074338 0.8219211822660097 0.8159635321433509 0.816469136445495 0.8205226671259986 0.8169413919413919 0.8556952920094092
0.4017316017316017 0.5370278140283531 0.7493133040668253 0.8074099511599511 0.8375364395240068 0.8527117922838032 0.8635400265369305 0.860922554347826 0.8631167851756087 0.8593734283874042 0.85577173347215 0.8557311707938838 0.8537141490177543 0.860724021740971 0.8716279349966928 0.869434630536338 0.8683805418719212 0.861346738911246 0.8584358496427462 0.8670307995051567 0.8727133683248582
0.36692913385826775 0.5134336458631081 0.7025356150836677 0.8279124676690601 0.8598078867542972 0.8647393433179724 0.8681979762253105 0.8759935585804569 0.8747736655669621 0.8340852773838053 0.8487245441983705 0.8511379585442781 0.8390929124332288 0.8220222686758526 0.8288152606410896 0.8238220464782964 0.8158353238455723 0.8121718813311488 0.8001416541123206 0.7968866742068375 0.8882985782911008
0.40625 0.4802443593770209 0.7115739333130637 0.8288386093073593 0.8479076902989947 0.86324153069985 0.8774923912681712 0.8668110800428988 0.8683698547275124 0.8720474832191729 0.870611045544992 0.8497405181630795 0.8701246894760615 0.8759684419546112 0.8841226903178123 0.8595159350056651 0.8663042841606747 0.8624769287559986 0.8534926706431296 0.8511981321397282 0.8841226903178123
0.3969178082191781 0.5037028917974351 0.7016027906716165 0.8019977476280516 0.8549532398258032 0.8762681159420289 0.8810328846833272 0.8821762243126059 0.8626829626829626 0.8845009157509158 0.8644251927010662 0.8763837755453684 0.8747875074496212 0.8495031894700146 0.8487532587374317 0.8423274149270102 0.8260436354150968 0.8309101404776172 0.8316699996130795 0.8090962855053078 0.889052977908901

Class AUC Score:
0.9750925925925926 0.9309259259259259 0.9635185185185184 0.9429629629629629
0.9782407407407407 0.9707407407407407 0.9555555555555556 0.9703703703703703
0.9481481481481482 0.9389814814814814 0.9837962962962963 0.9651851851851851
0.979537037037037 0.9525925925925925 0.9733333333333333 0.9707407407407408
0.9788888888888889 0.941574074074074 0.9673148148148148 0.9685185185185186

Class F1 Score:
0.8392857142857143 0.8035714285714286 0.8547008547008547 0.8
0.8888888888888888 0.847457627118644 0.8148148148148148 0.8771929824561403
0.8 0.7652173913043478 0.859375 0.8623853211009175
0.8301886792452831 0.8244274809160306 0.890625 0.8870967741935484
0.8740740740740741 0.7627118644067796 0.8141592920353983 0.8813559322033898
